"Anio";"Valor";"Carrera";"Genero";"Tasa"
"2022-2023";"???";"Córdoba";"Ambos Sexos";"Rendimiento"
"2021-2022";"???";"Córdoba";"Ambos Sexos";"Rendimiento"
"2020-2021";"???";"Córdoba";"Ambos Sexos";"Rendimiento"
"2019-2020";"???";"Córdoba";"Ambos Sexos";"Rendimiento"
"2018-2019";"???";"Córdoba";"Ambos Sexos";"Rendimiento"
"2017-2018";"???";"Córdoba";"Ambos Sexos";"Rendimiento"
"2016-2017";"???";"Córdoba";"Ambos Sexos";"Rendimiento"
"2015-2016";"???";"Córdoba";"Ambos Sexos";"Rendimiento"
"2022-2023";"78.16";"Todos los ámbitos";"Ambos Sexos";"Rendimiento"
"2021-2022";"75.23";"Todos los ámbitos";"Ambos Sexos";"Rendimiento"
"2020-2021";"75.65";"Todos los ámbitos";"Ambos Sexos";"Rendimiento"
"2019-2020";"81.38";"Todos los ámbitos";"Ambos Sexos";"Rendimiento"
"2018-2019";"77.73";"Todos los ámbitos";"Ambos Sexos";"Rendimiento"
"2017-2018";"77.42";"Todos los ámbitos";"Ambos Sexos";"Rendimiento"
"2016-2017";"78.71";"Todos los ámbitos";"Ambos Sexos";"Rendimiento"
"2015-2016";"76.87";"Todos los ámbitos";"Ambos Sexos";"Rendimiento"
"2022-2023";"93.32";"Total Educación";"Ambos Sexos";"Rendimiento"
"2021-2022";"91.17";"Total Educación";"Ambos Sexos";"Rendimiento"
"2020-2021";"92.67";"Total Educación";"Ambos Sexos";"Rendimiento"
"2019-2020";"93.61";"Total Educación";"Ambos Sexos";"Rendimiento"
"2018-2019";"91.87";"Total Educación";"Ambos Sexos";"Rendimiento"
"2017-2018";"92.62";"Total Educación";"Ambos Sexos";"Rendimiento"
"2016-2017";"92.62";"Total Educación";"Ambos Sexos";"Rendimiento"
"2015-2016";"92.45";"Total Educación";"Ambos Sexos";"Rendimiento"
"2022-2023";"93.03";"Formación de docentes de enseñanza infantil";"Ambos Sexos";"Rendimiento"
"2021-2022";"90.89";"Formación de docentes de enseñanza infantil";"Ambos Sexos";"Rendimiento"
"2020-2021";"92.92";"Formación de docentes de enseñanza infantil";"Ambos Sexos";"Rendimiento"
"2019-2020";"95.25";"Formación de docentes de enseñanza infantil";"Ambos Sexos";"Rendimiento"
"2018-2019";"94.1";"Formación de docentes de enseñanza infantil";"Ambos Sexos";"Rendimiento"
"2017-2018";"94.6";"Formación de docentes de enseñanza infantil";"Ambos Sexos";"Rendimiento"
"2016-2017";"94.82";"Formación de docentes de enseñanza infantil";"Ambos Sexos";"Rendimiento"
"2015-2016";"94.98";"Formación de docentes de enseñanza infantil";"Ambos Sexos";"Rendimiento"
"2022-2023";"93.19";"Formación de docentes de enseñanza primaria";"Ambos Sexos";"Rendimiento"
"2021-2022";"91.02";"Formación de docentes de enseñanza primaria";"Ambos Sexos";"Rendimiento"
"2020-2021";"92.12";"Formación de docentes de enseñanza primaria";"Ambos Sexos";"Rendimiento"
"2019-2020";"92.55";"Formación de docentes de enseñanza primaria";"Ambos Sexos";"Rendimiento"
"2018-2019";"89.72";"Formación de docentes de enseñanza primaria";"Ambos Sexos";"Rendimiento"
"2017-2018";"90.64";"Formación de docentes de enseñanza primaria";"Ambos Sexos";"Rendimiento"
"2016-2017";"90.75";"Formación de docentes de enseñanza primaria";"Ambos Sexos";"Rendimiento"
"2015-2016";"90.57";"Formación de docentes de enseñanza primaria";"Ambos Sexos";"Rendimiento"
"2022-2023";"95.38";"Otra Formación de personal docente y ciencias de la educación";"Ambos Sexos";"Rendimiento"
"2021-2022";"93.3";"Otra Formación de personal docente y ciencias de la educación";"Ambos Sexos";"Rendimiento"
"2020-2021";"94.99";"Otra Formación de personal docente y ciencias de la educación";"Ambos Sexos";"Rendimiento"
"2019-2020";"93.63";"Otra Formación de personal docente y ciencias de la educación";"Ambos Sexos";"Rendimiento"
"2018-2019";"95.68";"Otra Formación de personal docente y ciencias de la educación";"Ambos Sexos";"Rendimiento"
"2017-2018";"96.64";"Otra Formación de personal docente y ciencias de la educación";"Ambos Sexos";"Rendimiento"
"2016-2017";"95.36";"Otra Formación de personal docente y ciencias de la educación";"Ambos Sexos";"Rendimiento"
"2015-2016";"94.4";"Otra Formación de personal docente y ciencias de la educación";"Ambos Sexos";"Rendimiento"
"2022-2023";"79.39";"Total Artes y humanidades";"Ambos Sexos";"Rendimiento"
"2021-2022";"76.07";"Total Artes y humanidades";"Ambos Sexos";"Rendimiento"
"2020-2021";"77.12";"Total Artes y humanidades";"Ambos Sexos";"Rendimiento"
"2019-2020";"80.8";"Total Artes y humanidades";"Ambos Sexos";"Rendimiento"
"2018-2019";"81.82";"Total Artes y humanidades";"Ambos Sexos";"Rendimiento"
"2017-2018";"80.73";"Total Artes y humanidades";"Ambos Sexos";"Rendimiento"
"2016-2017";"82.51";"Total Artes y humanidades";"Ambos Sexos";"Rendimiento"
"2015-2016";"82.7";"Total Artes y humanidades";"Ambos Sexos";"Rendimiento"
"2022-2023";"74.86";"Técnicas audiovisuales y medios de comunicación";"Ambos Sexos";"Rendimiento"
"2021-2022";"70.2";"Técnicas audiovisuales y medios de comunicación";"Ambos Sexos";"Rendimiento"
"2020-2021";"70.84";"Técnicas audiovisuales y medios de comunicación";"Ambos Sexos";"Rendimiento"
"2019-2020";"70.01";"Técnicas audiovisuales y medios de comunicación";"Ambos Sexos";"Rendimiento"
"2018-2019";"77.78";"Técnicas audiovisuales y medios de comunicación";"Ambos Sexos";"Rendimiento"
"2017-2018";"70.77";"Técnicas audiovisuales y medios de comunicación";"Ambos Sexos";"Rendimiento"
"2016-2017";"..";"Técnicas audiovisuales y medios de comunicación";"Ambos Sexos";"Rendimiento"
"2015-2016";"..";"Técnicas audiovisuales y medios de comunicación";"Ambos Sexos";"Rendimiento"
"2022-2023";"65.03";"Artes";"Ambos Sexos";"Rendimiento"
"2021-2022";"64.02";"Artes";"Ambos Sexos";"Rendimiento"
"2020-2021";"66.0";"Artes";"Ambos Sexos";"Rendimiento"
"2019-2020";"71.48";"Artes";"Ambos Sexos";"Rendimiento"
"2018-2019";"74.39";"Artes";"Ambos Sexos";"Rendimiento"
"2017-2018";"71.95";"Artes";"Ambos Sexos";"Rendimiento"
"2016-2017";"77.12";"Artes";"Ambos Sexos";"Rendimiento"
"2015-2016";"77.28";"Artes";"Ambos Sexos";"Rendimiento"
"2022-2023";"83.25";"Lenguas";"Ambos Sexos";"Rendimiento"
"2021-2022";"80.13";"Lenguas";"Ambos Sexos";"Rendimiento"
"2020-2021";"81.63";"Lenguas";"Ambos Sexos";"Rendimiento"
"2019-2020";"84.5";"Lenguas";"Ambos Sexos";"Rendimiento"
"2018-2019";"84.78";"Lenguas";"Ambos Sexos";"Rendimiento"
"2017-2018";"84.46";"Lenguas";"Ambos Sexos";"Rendimiento"
"2016-2017";"85.15";"Lenguas";"Ambos Sexos";"Rendimiento"
"2015-2016";"86.36";"Lenguas";"Ambos Sexos";"Rendimiento"
"2022-2023";"75.18";"Humanidades";"Ambos Sexos";"Rendimiento"
"2021-2022";"71.75";"Humanidades";"Ambos Sexos";"Rendimiento"
"2020-2021";"70.86";"Humanidades";"Ambos Sexos";"Rendimiento"
"2019-2020";"77.7";"Humanidades";"Ambos Sexos";"Rendimiento"
"2018-2019";"76.35";"Humanidades";"Ambos Sexos";"Rendimiento"
"2017-2018";"73.69";"Humanidades";"Ambos Sexos";"Rendimiento"
"2016-2017";"76.47";"Humanidades";"Ambos Sexos";"Rendimiento"
"2015-2016";"73.42";"Humanidades";"Ambos Sexos";"Rendimiento"
"2022-2023";"91.99";"Total Ciencias sociales, periodismo y documentación";"Ambos Sexos";"Rendimiento"
"2021-2022";"90.65";"Total Ciencias sociales, periodismo y documentación";"Ambos Sexos";"Rendimiento"
"2020-2021";"88.72";"Total Ciencias sociales, periodismo y documentación";"Ambos Sexos";"Rendimiento"
"2019-2020";"86.46";"Total Ciencias sociales, periodismo y documentación";"Ambos Sexos";"Rendimiento"
"2018-2019";"86.39";"Total Ciencias sociales, periodismo y documentación";"Ambos Sexos";"Rendimiento"
"2017-2018";"79.11";"Total Ciencias sociales, periodismo y documentación";"Ambos Sexos";"Rendimiento"
"2016-2017";"85.05";"Total Ciencias sociales, periodismo y documentación";"Ambos Sexos";"Rendimiento"
"2015-2016";"75.14";"Total Ciencias sociales, periodismo y documentación";"Ambos Sexos";"Rendimiento"
"2022-2023";"94.2";"Psicología";"Ambos Sexos";"Rendimiento"
"2021-2022";"93.97";"Psicología";"Ambos Sexos";"Rendimiento"
"2020-2021";"93.82";"Psicología";"Ambos Sexos";"Rendimiento"
"2019-2020";"93.67";"Psicología";"Ambos Sexos";"Rendimiento"
"2018-2019";"90.67";"Psicología";"Ambos Sexos";"Rendimiento"
"2017-2018";"..";"Psicología";"Ambos Sexos";"Rendimiento"
"2016-2017";"..";"Psicología";"Ambos Sexos";"Rendimiento"
"2015-2016";"..";"Psicología";"Ambos Sexos";"Rendimiento"
"2022-2023";"..";"Economía";"Ambos Sexos";"Rendimiento"
"2021-2022";"..";"Economía";"Ambos Sexos";"Rendimiento"
"2020-2021";"..";"Economía";"Ambos Sexos";"Rendimiento"
"2019-2020";"..";"Economía";"Ambos Sexos";"Rendimiento"
"2018-2019";"..";"Economía";"Ambos Sexos";"Rendimiento"
"2017-2018";"..";"Economía";"Ambos Sexos";"Rendimiento"
"2016-2017";"..";"Economía";"Ambos Sexos";"Rendimiento"
"2015-2016";"..";"Economía";"Ambos Sexos";"Rendimiento"
"2022-2023";"78.07";"Otras Ciencias sociales y del comportamiento";"Ambos Sexos";"Rendimiento"
"2021-2022";"73.5";"Otras Ciencias sociales y del comportamiento";"Ambos Sexos";"Rendimiento"
"2020-2021";"75.1";"Otras Ciencias sociales y del comportamiento";"Ambos Sexos";"Rendimiento"
"2019-2020";"76.9";"Otras Ciencias sociales y del comportamiento";"Ambos Sexos";"Rendimiento"
"2018-2019";"83.96";"Otras Ciencias sociales y del comportamiento";"Ambos Sexos";"Rendimiento"
"2017-2018";"79.11";"Otras Ciencias sociales y del comportamiento";"Ambos Sexos";"Rendimiento"
"2016-2017";"85.05";"Otras Ciencias sociales y del comportamiento";"Ambos Sexos";"Rendimiento"
"2015-2016";"75.14";"Otras Ciencias sociales y del comportamiento";"Ambos Sexos";"Rendimiento"
"2022-2023";"..";"Periodismo e información";"Ambos Sexos";"Rendimiento"
"2021-2022";"..";"Periodismo e información";"Ambos Sexos";"Rendimiento"
"2020-2021";"..";"Periodismo e información";"Ambos Sexos";"Rendimiento"
"2019-2020";"..";"Periodismo e información";"Ambos Sexos";"Rendimiento"
"2018-2019";"..";"Periodismo e información";"Ambos Sexos";"Rendimiento"
"2017-2018";"..";"Periodismo e información";"Ambos Sexos";"Rendimiento"
"2016-2017";"..";"Periodismo e información";"Ambos Sexos";"Rendimiento"
"2015-2016";"..";"Periodismo e información";"Ambos Sexos";"Rendimiento"
"2022-2023";"70.38";"Total Negocios, administración y derecho";"Ambos Sexos";"Rendimiento"
"2021-2022";"66.13";"Total Negocios, administración y derecho";"Ambos Sexos";"Rendimiento"
"2020-2021";"68.13";"Total Negocios, administración y derecho";"Ambos Sexos";"Rendimiento"
"2019-2020";"74.71";"Total Negocios, administración y derecho";"Ambos Sexos";"Rendimiento"
"2018-2019";"70.07";"Total Negocios, administración y derecho";"Ambos Sexos";"Rendimiento"
"2017-2018";"70.32";"Total Negocios, administración y derecho";"Ambos Sexos";"Rendimiento"
"2016-2017";"74.27";"Total Negocios, administración y derecho";"Ambos Sexos";"Rendimiento"
"2015-2016";"71.19";"Total Negocios, administración y derecho";"Ambos Sexos";"Rendimiento"
"2022-2023";"74.54";"Administración y gestión de empresas";"Ambos Sexos";"Rendimiento"
"2021-2022";"71.95";"Administración y gestión de empresas";"Ambos Sexos";"Rendimiento"
"2020-2021";"72.52";"Administración y gestión de empresas";"Ambos Sexos";"Rendimiento"
"2019-2020";"76.08";"Administración y gestión de empresas";"Ambos Sexos";"Rendimiento"
"2018-2019";"74.34";"Administración y gestión de empresas";"Ambos Sexos";"Rendimiento"
"2017-2018";"74.72";"Administración y gestión de empresas";"Ambos Sexos";"Rendimiento"
"2016-2017";"75.97";"Administración y gestión de empresas";"Ambos Sexos";"Rendimiento"
"2015-2016";"72.95";"Administración y gestión de empresas";"Ambos Sexos";"Rendimiento"
"2022-2023";"..";"Otra Educación comercial y empresarial";"Ambos Sexos";"Rendimiento"
"2021-2022";"..";"Otra Educación comercial y empresarial";"Ambos Sexos";"Rendimiento"
"2020-2021";"..";"Otra Educación comercial y empresarial";"Ambos Sexos";"Rendimiento"
"2019-2020";"..";"Otra Educación comercial y empresarial";"Ambos Sexos";"Rendimiento"
"2018-2019";"..";"Otra Educación comercial y empresarial";"Ambos Sexos";"Rendimiento"
"2017-2018";"..";"Otra Educación comercial y empresarial";"Ambos Sexos";"Rendimiento"
"2016-2017";"..";"Otra Educación comercial y empresarial";"Ambos Sexos";"Rendimiento"
"2015-2016";"..";"Otra Educación comercial y empresarial";"Ambos Sexos";"Rendimiento"
"2022-2023";"68.02";"Derecho";"Ambos Sexos";"Rendimiento"
"2021-2022";"62.72";"Derecho";"Ambos Sexos";"Rendimiento"
"2020-2021";"65.51";"Derecho";"Ambos Sexos";"Rendimiento"
"2019-2020";"73.87";"Derecho";"Ambos Sexos";"Rendimiento"
"2018-2019";"67.5";"Derecho";"Ambos Sexos";"Rendimiento"
"2017-2018";"67.59";"Derecho";"Ambos Sexos";"Rendimiento"
"2016-2017";"73.1";"Derecho";"Ambos Sexos";"Rendimiento"
"2015-2016";"69.93";"Derecho";"Ambos Sexos";"Rendimiento"
"2022-2023";"73.4";"Total Ciencias";"Ambos Sexos";"Rendimiento"
"2021-2022";"69.15";"Total Ciencias";"Ambos Sexos";"Rendimiento"
"2020-2021";"68.46";"Total Ciencias";"Ambos Sexos";"Rendimiento"
"2019-2020";"78.6";"Total Ciencias";"Ambos Sexos";"Rendimiento"
"2018-2019";"72.89";"Total Ciencias";"Ambos Sexos";"Rendimiento"
"2017-2018";"73.17";"Total Ciencias";"Ambos Sexos";"Rendimiento"
"2016-2017";"71.94";"Total Ciencias";"Ambos Sexos";"Rendimiento"
"2015-2016";"71.55";"Total Ciencias";"Ambos Sexos";"Rendimiento"
"2022-2023";"76.47";"Ciencias de la vida";"Ambos Sexos";"Rendimiento"
"2021-2022";"73.51";"Ciencias de la vida";"Ambos Sexos";"Rendimiento"
"2020-2021";"73.17";"Ciencias de la vida";"Ambos Sexos";"Rendimiento"
"2019-2020";"83.8";"Ciencias de la vida";"Ambos Sexos";"Rendimiento"
"2018-2019";"78.71";"Ciencias de la vida";"Ambos Sexos";"Rendimiento"
"2017-2018";"77.96";"Ciencias de la vida";"Ambos Sexos";"Rendimiento"
"2016-2017";"78.01";"Ciencias de la vida";"Ambos Sexos";"Rendimiento"
"2015-2016";"75.3";"Ciencias de la vida";"Ambos Sexos";"Rendimiento"
"2022-2023";"68.61";"Ciencias Físicas, químicas, geológicas";"Ambos Sexos";"Rendimiento"
"2021-2022";"62.64";"Ciencias Físicas, químicas, geológicas";"Ambos Sexos";"Rendimiento"
"2020-2021";"61.26";"Ciencias Físicas, químicas, geológicas";"Ambos Sexos";"Rendimiento"
"2019-2020";"69.91";"Ciencias Físicas, químicas, geológicas";"Ambos Sexos";"Rendimiento"
"2018-2019";"62.62";"Ciencias Físicas, químicas, geológicas";"Ambos Sexos";"Rendimiento"
"2017-2018";"63.98";"Ciencias Físicas, químicas, geológicas";"Ambos Sexos";"Rendimiento"
"2016-2017";"59.71";"Ciencias Físicas, químicas, geológicas";"Ambos Sexos";"Rendimiento"
"2015-2016";"63.6";"Ciencias Físicas, químicas, geológicas";"Ambos Sexos";"Rendimiento"
"2022-2023";"..";"Matemáticas y Estadística";"Ambos Sexos";"Rendimiento"
"2021-2022";"..";"Matemáticas y Estadística";"Ambos Sexos";"Rendimiento"
"2020-2021";"..";"Matemáticas y Estadística";"Ambos Sexos";"Rendimiento"
"2019-2020";"..";"Matemáticas y Estadística";"Ambos Sexos";"Rendimiento"
"2018-2019";"..";"Matemáticas y Estadística";"Ambos Sexos";"Rendimiento"
"2017-2018";"..";"Matemáticas y Estadística";"Ambos Sexos";"Rendimiento"
"2016-2017";"..";"Matemáticas y Estadística";"Ambos Sexos";"Rendimiento"
"2015-2016";"..";"Matemáticas y Estadística";"Ambos Sexos";"Rendimiento"
"2022-2023";"71.9";"Total Informática";"Ambos Sexos";"Rendimiento"
"2021-2022";"64.06";"Total Informática";"Ambos Sexos";"Rendimiento"
"2020-2021";"63.45";"Total Informática";"Ambos Sexos";"Rendimiento"
"2019-2020";"68.69";"Total Informática";"Ambos Sexos";"Rendimiento"
"2018-2019";"65.19";"Total Informática";"Ambos Sexos";"Rendimiento"
"2017-2018";"66.74";"Total Informática";"Ambos Sexos";"Rendimiento"
"2016-2017";"65.79";"Total Informática";"Ambos Sexos";"Rendimiento"
"2015-2016";"61.69";"Total Informática";"Ambos Sexos";"Rendimiento"
"2022-2023";"71.9";"Informática";"Ambos Sexos";"Rendimiento"
"2021-2022";"64.06";"Informática";"Ambos Sexos";"Rendimiento"
"2020-2021";"63.45";"Informática";"Ambos Sexos";"Rendimiento"
"2019-2020";"68.69";"Informática";"Ambos Sexos";"Rendimiento"
"2018-2019";"65.19";"Informática";"Ambos Sexos";"Rendimiento"
"2017-2018";"66.74";"Informática";"Ambos Sexos";"Rendimiento"
"2016-2017";"65.79";"Informática";"Ambos Sexos";"Rendimiento"
"2015-2016";"61.69";"Informática";"Ambos Sexos";"Rendimiento"
"2022-2023";"59.58";"Total Ingeniería, industria y construcción";"Ambos Sexos";"Rendimiento"
"2021-2022";"57.57";"Total Ingeniería, industria y construcción";"Ambos Sexos";"Rendimiento"
"2020-2021";"55.99";"Total Ingeniería, industria y construcción";"Ambos Sexos";"Rendimiento"
"2019-2020";"62.69";"Total Ingeniería, industria y construcción";"Ambos Sexos";"Rendimiento"
"2018-2019";"62.01";"Total Ingeniería, industria y construcción";"Ambos Sexos";"Rendimiento"
"2017-2018";"62.93";"Total Ingeniería, industria y construcción";"Ambos Sexos";"Rendimiento"
"2016-2017";"64.76";"Total Ingeniería, industria y construcción";"Ambos Sexos";"Rendimiento"
"2015-2016";"63.1";"Total Ingeniería, industria y construcción";"Ambos Sexos";"Rendimiento"
"2022-2023";"59.42";"Ingenierías";"Ambos Sexos";"Rendimiento"
"2021-2022";"57.17";"Ingenierías";"Ambos Sexos";"Rendimiento"
"2020-2021";"55.42";"Ingenierías";"Ambos Sexos";"Rendimiento"
"2019-2020";"62.18";"Ingenierías";"Ambos Sexos";"Rendimiento"
"2018-2019";"61.49";"Ingenierías";"Ambos Sexos";"Rendimiento"
"2017-2018";"62.71";"Ingenierías";"Ambos Sexos";"Rendimiento"
"2016-2017";"64.52";"Ingenierías";"Ambos Sexos";"Rendimiento"
"2015-2016";"62.08";"Ingenierías";"Ambos Sexos";"Rendimiento"
"2022-2023";"60.41";"Arquitectura y construcción";"Ambos Sexos";"Rendimiento"
"2021-2022";"59.9";"Arquitectura y construcción";"Ambos Sexos";"Rendimiento"
"2020-2021";"59.65";"Arquitectura y construcción";"Ambos Sexos";"Rendimiento"
"2019-2020";"66.93";"Arquitectura y construcción";"Ambos Sexos";"Rendimiento"
"2018-2019";"67.02";"Arquitectura y construcción";"Ambos Sexos";"Rendimiento"
"2017-2018";"65.14";"Arquitectura y construcción";"Ambos Sexos";"Rendimiento"
"2016-2017";"66.56";"Arquitectura y construcción";"Ambos Sexos";"Rendimiento"
"2015-2016";"69.4";"Arquitectura y construcción";"Ambos Sexos";"Rendimiento"
"2022-2023";"67.36";"Total Agricultura, ganadería,  silvicultura, pesca, y veterinaria";"Ambos Sexos";"Rendimiento"
"2021-2022";"65.43";"Total Agricultura, ganadería,  silvicultura, pesca, y veterinaria";"Ambos Sexos";"Rendimiento"
"2020-2021";"66.08";"Total Agricultura, ganadería,  silvicultura, pesca, y veterinaria";"Ambos Sexos";"Rendimiento"
"2019-2020";"81.19";"Total Agricultura, ganadería,  silvicultura, pesca, y veterinaria";"Ambos Sexos";"Rendimiento"
"2018-2019";"68.79";"Total Agricultura, ganadería,  silvicultura, pesca, y veterinaria";"Ambos Sexos";"Rendimiento"
"2017-2018";"67.24";"Total Agricultura, ganadería,  silvicultura, pesca, y veterinaria";"Ambos Sexos";"Rendimiento"
"2016-2017";"69.53";"Total Agricultura, ganadería,  silvicultura, pesca, y veterinaria";"Ambos Sexos";"Rendimiento"
"2015-2016";"65.77";"Total Agricultura, ganadería,  silvicultura, pesca, y veterinaria";"Ambos Sexos";"Rendimiento"
"2022-2023";"61.57";"Agricultura, ganadería y pesca";"Ambos Sexos";"Rendimiento"
"2021-2022";"56.52";"Agricultura, ganadería y pesca";"Ambos Sexos";"Rendimiento"
"2020-2021";"55.47";"Agricultura, ganadería y pesca";"Ambos Sexos";"Rendimiento"
"2019-2020";"66.87";"Agricultura, ganadería y pesca";"Ambos Sexos";"Rendimiento"
"2018-2019";"59.43";"Agricultura, ganadería y pesca";"Ambos Sexos";"Rendimiento"
"2017-2018";"56.15";"Agricultura, ganadería y pesca";"Ambos Sexos";"Rendimiento"
"2016-2017";"61.43";"Agricultura, ganadería y pesca";"Ambos Sexos";"Rendimiento"
"2015-2016";"59.75";"Agricultura, ganadería y pesca";"Ambos Sexos";"Rendimiento"
"2022-2023";"70.93";"Veterinaria";"Ambos Sexos";"Rendimiento"
"2021-2022";"70.65";"Veterinaria";"Ambos Sexos";"Rendimiento"
"2020-2021";"72.34";"Veterinaria";"Ambos Sexos";"Rendimiento"
"2019-2020";"89.56";"Veterinaria";"Ambos Sexos";"Rendimiento"
"2018-2019";"74.57";"Veterinaria";"Ambos Sexos";"Rendimiento"
"2017-2018";"74.6";"Veterinaria";"Ambos Sexos";"Rendimiento"
"2016-2017";"75.22";"Veterinaria";"Ambos Sexos";"Rendimiento"
"2015-2016";"70.0";"Veterinaria";"Ambos Sexos";"Rendimiento"
"2022-2023";"92.12";"Total Salud y servicios sociales";"Ambos Sexos";"Rendimiento"
"2021-2022";"91.49";"Total Salud y servicios sociales";"Ambos Sexos";"Rendimiento"
"2020-2021";"91.73";"Total Salud y servicios sociales";"Ambos Sexos";"Rendimiento"
"2019-2020";"93.93";"Total Salud y servicios sociales";"Ambos Sexos";"Rendimiento"
"2018-2019";"92.22";"Total Salud y servicios sociales";"Ambos Sexos";"Rendimiento"
"2017-2018";"91.59";"Total Salud y servicios sociales";"Ambos Sexos";"Rendimiento"
"2016-2017";"93.05";"Total Salud y servicios sociales";"Ambos Sexos";"Rendimiento"
"2015-2016";"92.77";"Total Salud y servicios sociales";"Ambos Sexos";"Rendimiento"
"2022-2023";"91.14";"Medicina";"Ambos Sexos";"Rendimiento"
"2021-2022";"89.6";"Medicina";"Ambos Sexos";"Rendimiento"
"2020-2021";"89.98";"Medicina";"Ambos Sexos";"Rendimiento"
"2019-2020";"93.18";"Medicina";"Ambos Sexos";"Rendimiento"
"2018-2019";"90.35";"Medicina";"Ambos Sexos";"Rendimiento"
"2017-2018";"89.52";"Medicina";"Ambos Sexos";"Rendimiento"
"2016-2017";"92.17";"Medicina";"Ambos Sexos";"Rendimiento"
"2015-2016";"91.86";"Medicina";"Ambos Sexos";"Rendimiento"
"2022-2023";"93.01";"Enfermería y atención a enfermos";"Ambos Sexos";"Rendimiento"
"2021-2022";"93.98";"Enfermería y atención a enfermos";"Ambos Sexos";"Rendimiento"
"2020-2021";"93.79";"Enfermería y atención a enfermos";"Ambos Sexos";"Rendimiento"
"2019-2020";"94.81";"Enfermería y atención a enfermos";"Ambos Sexos";"Rendimiento"
"2018-2019";"94.26";"Enfermería y atención a enfermos";"Ambos Sexos";"Rendimiento"
"2017-2018";"94.74";"Enfermería y atención a enfermos";"Ambos Sexos";"Rendimiento"
"2016-2017";"94.62";"Enfermería y atención a enfermos";"Ambos Sexos";"Rendimiento"
"2015-2016";"94.48";"Enfermería y atención a enfermos";"Ambos Sexos";"Rendimiento"
"2022-2023";"93.77";"Otras ciencias de la Salud";"Ambos Sexos";"Rendimiento"
"2021-2022";"93.52";"Otras ciencias de la Salud";"Ambos Sexos";"Rendimiento"
"2020-2021";"94.4";"Otras ciencias de la Salud";"Ambos Sexos";"Rendimiento"
"2019-2020";"94.98";"Otras ciencias de la Salud";"Ambos Sexos";"Rendimiento"
"2018-2019";"95.46";"Otras ciencias de la Salud";"Ambos Sexos";"Rendimiento"
"2017-2018";"93.03";"Otras ciencias de la Salud";"Ambos Sexos";"Rendimiento"
"2016-2017";"92.52";"Otras ciencias de la Salud";"Ambos Sexos";"Rendimiento"
"2015-2016";"90.75";"Otras ciencias de la Salud";"Ambos Sexos";"Rendimiento"
"2022-2023";"..";"Trabajo social y orientación";"Ambos Sexos";"Rendimiento"
"2021-2022";"..";"Trabajo social y orientación";"Ambos Sexos";"Rendimiento"
"2020-2021";"..";"Trabajo social y orientación";"Ambos Sexos";"Rendimiento"
"2019-2020";"..";"Trabajo social y orientación";"Ambos Sexos";"Rendimiento"
"2018-2019";"..";"Trabajo social y orientación";"Ambos Sexos";"Rendimiento"
"2017-2018";"..";"Trabajo social y orientación";"Ambos Sexos";"Rendimiento"
"2016-2017";"..";"Trabajo social y orientación";"Ambos Sexos";"Rendimiento"
"2015-2016";"..";"Trabajo social y orientación";"Ambos Sexos";"Rendimiento"
"2022-2023";"76.94";"Total Servicios";"Ambos Sexos";"Rendimiento"
"2021-2022";"76.92";"Total Servicios";"Ambos Sexos";"Rendimiento"
"2020-2021";"75.83";"Total Servicios";"Ambos Sexos";"Rendimiento"
"2019-2020";"79.19";"Total Servicios";"Ambos Sexos";"Rendimiento"
"2018-2019";"74.02";"Total Servicios";"Ambos Sexos";"Rendimiento"
"2017-2018";"72.64";"Total Servicios";"Ambos Sexos";"Rendimiento"
"2016-2017";"78.41";"Total Servicios";"Ambos Sexos";"Rendimiento"
"2015-2016";"73.5";"Total Servicios";"Ambos Sexos";"Rendimiento"
"2022-2023";"..";"Deportes";"Ambos Sexos";"Rendimiento"
"2021-2022";"..";"Deportes";"Ambos Sexos";"Rendimiento"
"2020-2021";"..";"Deportes";"Ambos Sexos";"Rendimiento"
"2019-2020";"..";"Deportes";"Ambos Sexos";"Rendimiento"
"2018-2019";"..";"Deportes";"Ambos Sexos";"Rendimiento"
"2017-2018";"..";"Deportes";"Ambos Sexos";"Rendimiento"
"2016-2017";"..";"Deportes";"Ambos Sexos";"Rendimiento"
"2015-2016";"..";"Deportes";"Ambos Sexos";"Rendimiento"
"2022-2023";"76.94";"Turismo y Hostelería";"Ambos Sexos";"Rendimiento"
"2021-2022";"76.92";"Turismo y Hostelería";"Ambos Sexos";"Rendimiento"
"2020-2021";"75.83";"Turismo y Hostelería";"Ambos Sexos";"Rendimiento"
"2019-2020";"79.19";"Turismo y Hostelería";"Ambos Sexos";"Rendimiento"
"2018-2019";"74.02";"Turismo y Hostelería";"Ambos Sexos";"Rendimiento"
"2017-2018";"72.64";"Turismo y Hostelería";"Ambos Sexos";"Rendimiento"
"2016-2017";"78.41";"Turismo y Hostelería";"Ambos Sexos";"Rendimiento"
"2015-2016";"73.5";"Turismo y Hostelería";"Ambos Sexos";"Rendimiento"
"2022-2023";"..";"Otros Servicios";"Ambos Sexos";"Rendimiento"
"2021-2022";"..";"Otros Servicios";"Ambos Sexos";"Rendimiento"
"2020-2021";"..";"Otros Servicios";"Ambos Sexos";"Rendimiento"
"2019-2020";"..";"Otros Servicios";"Ambos Sexos";"Rendimiento"
"2018-2019";"..";"Otros Servicios";"Ambos Sexos";"Rendimiento"
"2017-2018";"..";"Otros Servicios";"Ambos Sexos";"Rendimiento"
"2016-2017";"..";"Otros Servicios";"Ambos Sexos";"Rendimiento"
"2015-2016";"..";"Otros Servicios";"Ambos Sexos";"Rendimiento"
"2022-2023";"???";"Córdoba";"Ambos Sexos";"Exito"
"2021-2022";"???";"Córdoba";"Ambos Sexos";"Exito"
"2020-2021";"???";"Córdoba";"Ambos Sexos";"Exito"
"2019-2020";"???";"Córdoba";"Ambos Sexos";"Exito"
"2018-2019";"???";"Córdoba";"Ambos Sexos";"Exito"
"2017-2018";"???";"Córdoba";"Ambos Sexos";"Exito"
"2016-2017";"???";"Córdoba";"Ambos Sexos";"Exito"
"2015-2016";"???";"Córdoba";"Ambos Sexos";"Exito"
"2022-2023";"87.77";"Todos los ámbitos";"Ambos Sexos";"Exito"
"2021-2022";"87.68";"Todos los ámbitos";"Ambos Sexos";"Exito"
"2020-2021";"86.86";"Todos los ámbitos";"Ambos Sexos";"Exito"
"2019-2020";"91.21";"Todos los ámbitos";"Ambos Sexos";"Exito"
"2018-2019";"88.84";"Todos los ámbitos";"Ambos Sexos";"Exito"
"2017-2018";"88.56";"Todos los ámbitos";"Ambos Sexos";"Exito"
"2016-2017";"85.99";"Todos los ámbitos";"Ambos Sexos";"Exito"
"2015-2016";"87.86";"Todos los ámbitos";"Ambos Sexos";"Exito"
"2022-2023";"96.19";"Total Educación";"Ambos Sexos";"Exito"
"2021-2022";"95.01";"Total Educación";"Ambos Sexos";"Exito"
"2020-2021";"95.43";"Total Educación";"Ambos Sexos";"Exito"
"2019-2020";"96.83";"Total Educación";"Ambos Sexos";"Exito"
"2018-2019";"95.22";"Total Educación";"Ambos Sexos";"Exito"
"2017-2018";"96.0";"Total Educación";"Ambos Sexos";"Exito"
"2016-2017";"95.39";"Total Educación";"Ambos Sexos";"Exito"
"2015-2016";"95.83";"Total Educación";"Ambos Sexos";"Exito"
"2022-2023";"95.83";"Formación de docentes de enseñanza infantil";"Ambos Sexos";"Exito"
"2021-2022";"94.71";"Formación de docentes de enseñanza infantil";"Ambos Sexos";"Exito"
"2020-2021";"95.17";"Formación de docentes de enseñanza infantil";"Ambos Sexos";"Exito"
"2019-2020";"97.3";"Formación de docentes de enseñanza infantil";"Ambos Sexos";"Exito"
"2018-2019";"96.33";"Formación de docentes de enseñanza infantil";"Ambos Sexos";"Exito"
"2017-2018";"96.85";"Formación de docentes de enseñanza infantil";"Ambos Sexos";"Exito"
"2016-2017";"97.22";"Formación de docentes de enseñanza infantil";"Ambos Sexos";"Exito"
"2015-2016";"97.29";"Formación de docentes de enseñanza infantil";"Ambos Sexos";"Exito"
"2022-2023";"96.24";"Formación de docentes de enseñanza primaria";"Ambos Sexos";"Exito"
"2021-2022";"95.13";"Formación de docentes de enseñanza primaria";"Ambos Sexos";"Exito"
"2020-2021";"95.34";"Formación de docentes de enseñanza primaria";"Ambos Sexos";"Exito"
"2019-2020";"96.38";"Formación de docentes de enseñanza primaria";"Ambos Sexos";"Exito"
"2018-2019";"94.01";"Formación de docentes de enseñanza primaria";"Ambos Sexos";"Exito"
"2017-2018";"94.94";"Formación de docentes de enseñanza primaria";"Ambos Sexos";"Exito"
"2016-2017";"93.97";"Formación de docentes de enseñanza primaria";"Ambos Sexos";"Exito"
"2015-2016";"94.74";"Formación de docentes de enseñanza primaria";"Ambos Sexos";"Exito"
"2022-2023";"97.31";"Otra Formación de personal docente y ciencias de la educación";"Ambos Sexos";"Exito"
"2021-2022";"95.46";"Otra Formación de personal docente y ciencias de la educación";"Ambos Sexos";"Exito"
"2020-2021";"97.05";"Otra Formación de personal docente y ciencias de la educación";"Ambos Sexos";"Exito"
"2019-2020";"97.7";"Otra Formación de personal docente y ciencias de la educación";"Ambos Sexos";"Exito"
"2018-2019";"97.73";"Otra Formación de personal docente y ciencias de la educación";"Ambos Sexos";"Exito"
"2017-2018";"98.83";"Otra Formación de personal docente y ciencias de la educación";"Ambos Sexos";"Exito"
"2016-2017";"96.48";"Otra Formación de personal docente y ciencias de la educación";"Ambos Sexos";"Exito"
"2015-2016";"96.76";"Otra Formación de personal docente y ciencias de la educación";"Ambos Sexos";"Exito"
"2022-2023";"89.89";"Total Artes y humanidades";"Ambos Sexos";"Exito"
"2021-2022";"89.11";"Total Artes y humanidades";"Ambos Sexos";"Exito"
"2020-2021";"88.44";"Total Artes y humanidades";"Ambos Sexos";"Exito"
"2019-2020";"91.2";"Total Artes y humanidades";"Ambos Sexos";"Exito"
"2018-2019";"91.59";"Total Artes y humanidades";"Ambos Sexos";"Exito"
"2017-2018";"91.28";"Total Artes y humanidades";"Ambos Sexos";"Exito"
"2016-2017";"89.7";"Total Artes y humanidades";"Ambos Sexos";"Exito"
"2015-2016";"91.8";"Total Artes y humanidades";"Ambos Sexos";"Exito"
"2022-2023";"90.56";"Técnicas audiovisuales y medios de comunicación";"Ambos Sexos";"Exito"
"2021-2022";"88.1";"Técnicas audiovisuales y medios de comunicación";"Ambos Sexos";"Exito"
"2020-2021";"87.57";"Técnicas audiovisuales y medios de comunicación";"Ambos Sexos";"Exito"
"2019-2020";"88.73";"Técnicas audiovisuales y medios de comunicación";"Ambos Sexos";"Exito"
"2018-2019";"88.59";"Técnicas audiovisuales y medios de comunicación";"Ambos Sexos";"Exito"
"2017-2018";"84.17";"Técnicas audiovisuales y medios de comunicación";"Ambos Sexos";"Exito"
"2016-2017";"..";"Técnicas audiovisuales y medios de comunicación";"Ambos Sexos";"Exito"
"2015-2016";"..";"Técnicas audiovisuales y medios de comunicación";"Ambos Sexos";"Exito"
"2022-2023";"78.51";"Artes";"Ambos Sexos";"Exito"
"2021-2022";"79.82";"Artes";"Ambos Sexos";"Exito"
"2020-2021";"79.19";"Artes";"Ambos Sexos";"Exito"
"2019-2020";"85.89";"Artes";"Ambos Sexos";"Exito"
"2018-2019";"90.34";"Artes";"Ambos Sexos";"Exito"
"2017-2018";"87.87";"Artes";"Ambos Sexos";"Exito"
"2016-2017";"86.51";"Artes";"Ambos Sexos";"Exito"
"2015-2016";"90.69";"Artes";"Ambos Sexos";"Exito"
"2022-2023";"91.46";"Lenguas";"Ambos Sexos";"Exito"
"2021-2022";"91.27";"Lenguas";"Ambos Sexos";"Exito"
"2020-2021";"90.9";"Lenguas";"Ambos Sexos";"Exito"
"2019-2020";"93.4";"Lenguas";"Ambos Sexos";"Exito"
"2018-2019";"93.05";"Lenguas";"Ambos Sexos";"Exito"
"2017-2018";"93.15";"Lenguas";"Ambos Sexos";"Exito"
"2016-2017";"91.56";"Lenguas";"Ambos Sexos";"Exito"
"2015-2016";"93.24";"Lenguas";"Ambos Sexos";"Exito"
"2022-2023";"87.61";"Humanidades";"Ambos Sexos";"Exito"
"2021-2022";"85.75";"Humanidades";"Ambos Sexos";"Exito"
"2020-2021";"83.93";"Humanidades";"Ambos Sexos";"Exito"
"2019-2020";"86.84";"Humanidades";"Ambos Sexos";"Exito"
"2018-2019";"87.96";"Humanidades";"Ambos Sexos";"Exito"
"2017-2018";"87.2";"Humanidades";"Ambos Sexos";"Exito"
"2016-2017";"84.9";"Humanidades";"Ambos Sexos";"Exito"
"2015-2016";"87.05";"Humanidades";"Ambos Sexos";"Exito"
"2022-2023";"97.71";"Total Ciencias sociales, periodismo y documentación";"Ambos Sexos";"Exito"
"2021-2022";"96.46";"Total Ciencias sociales, periodismo y documentación";"Ambos Sexos";"Exito"
"2020-2021";"94.19";"Total Ciencias sociales, periodismo y documentación";"Ambos Sexos";"Exito"
"2019-2020";"94.46";"Total Ciencias sociales, periodismo y documentación";"Ambos Sexos";"Exito"
"2018-2019";"93.67";"Total Ciencias sociales, periodismo y documentación";"Ambos Sexos";"Exito"
"2017-2018";"91.59";"Total Ciencias sociales, periodismo y documentación";"Ambos Sexos";"Exito"
"2016-2017";"88.56";"Total Ciencias sociales, periodismo y documentación";"Ambos Sexos";"Exito"
"2015-2016";"88.37";"Total Ciencias sociales, periodismo y documentación";"Ambos Sexos";"Exito"
"2022-2023";"97.8";"Psicología";"Ambos Sexos";"Exito"
"2021-2022";"96.79";"Psicología";"Ambos Sexos";"Exito"
"2020-2021";"95.63";"Psicología";"Ambos Sexos";"Exito"
"2019-2020";"96.73";"Psicología";"Ambos Sexos";"Exito"
"2018-2019";"94.44";"Psicología";"Ambos Sexos";"Exito"
"2017-2018";"..";"Psicología";"Ambos Sexos";"Exito"
"2016-2017";"..";"Psicología";"Ambos Sexos";"Exito"
"2015-2016";"..";"Psicología";"Ambos Sexos";"Exito"
"2022-2023";"..";"Economía";"Ambos Sexos";"Exito"
"2021-2022";"..";"Economía";"Ambos Sexos";"Exito"
"2020-2021";"..";"Economía";"Ambos Sexos";"Exito"
"2019-2020";"..";"Economía";"Ambos Sexos";"Exito"
"2018-2019";"..";"Economía";"Ambos Sexos";"Exito"
"2017-2018";"..";"Economía";"Ambos Sexos";"Exito"
"2016-2017";"..";"Economía";"Ambos Sexos";"Exito"
"2015-2016";"..";"Economía";"Ambos Sexos";"Exito"
"2022-2023";"97.01";"Otras Ciencias sociales y del comportamiento";"Ambos Sexos";"Exito"
"2021-2022";"94.29";"Otras Ciencias sociales y del comportamiento";"Ambos Sexos";"Exito"
"2020-2021";"89.67";"Otras Ciencias sociales y del comportamiento";"Ambos Sexos";"Exito"
"2019-2020";"91.01";"Otras Ciencias sociales y del comportamiento";"Ambos Sexos";"Exito"
"2018-2019";"93.2";"Otras Ciencias sociales y del comportamiento";"Ambos Sexos";"Exito"
"2017-2018";"91.59";"Otras Ciencias sociales y del comportamiento";"Ambos Sexos";"Exito"
"2016-2017";"88.56";"Otras Ciencias sociales y del comportamiento";"Ambos Sexos";"Exito"
"2015-2016";"88.37";"Otras Ciencias sociales y del comportamiento";"Ambos Sexos";"Exito"
"2022-2023";"..";"Periodismo e información";"Ambos Sexos";"Exito"
"2021-2022";"..";"Periodismo e información";"Ambos Sexos";"Exito"
"2020-2021";"..";"Periodismo e información";"Ambos Sexos";"Exito"
"2019-2020";"..";"Periodismo e información";"Ambos Sexos";"Exito"
"2018-2019";"..";"Periodismo e información";"Ambos Sexos";"Exito"
"2017-2018";"..";"Periodismo e información";"Ambos Sexos";"Exito"
"2016-2017";"..";"Periodismo e información";"Ambos Sexos";"Exito"
"2015-2016";"..";"Periodismo e información";"Ambos Sexos";"Exito"
"2022-2023";"82.66";"Total Negocios, administración y derecho";"Ambos Sexos";"Exito"
"2021-2022";"81.6";"Total Negocios, administración y derecho";"Ambos Sexos";"Exito"
"2020-2021";"81.29";"Total Negocios, administración y derecho";"Ambos Sexos";"Exito"
"2019-2020";"87.68";"Total Negocios, administración y derecho";"Ambos Sexos";"Exito"
"2018-2019";"83.88";"Total Negocios, administración y derecho";"Ambos Sexos";"Exito"
"2017-2018";"84.22";"Total Negocios, administración y derecho";"Ambos Sexos";"Exito"
"2016-2017";"82.48";"Total Negocios, administración y derecho";"Ambos Sexos";"Exito"
"2015-2016";"83.46";"Total Negocios, administración y derecho";"Ambos Sexos";"Exito"
"2022-2023";"84.85";"Administración y gestión de empresas";"Ambos Sexos";"Exito"
"2021-2022";"84.55";"Administración y gestión de empresas";"Ambos Sexos";"Exito"
"2020-2021";"82.83";"Administración y gestión de empresas";"Ambos Sexos";"Exito"
"2019-2020";"87.55";"Administración y gestión de empresas";"Ambos Sexos";"Exito"
"2018-2019";"86.28";"Administración y gestión de empresas";"Ambos Sexos";"Exito"
"2017-2018";"86.06";"Administración y gestión de empresas";"Ambos Sexos";"Exito"
"2016-2017";"84.02";"Administración y gestión de empresas";"Ambos Sexos";"Exito"
"2015-2016";"83.98";"Administración y gestión de empresas";"Ambos Sexos";"Exito"
"2022-2023";"..";"Otra Educación comercial y empresarial";"Ambos Sexos";"Exito"
"2021-2022";"..";"Otra Educación comercial y empresarial";"Ambos Sexos";"Exito"
"2020-2021";"..";"Otra Educación comercial y empresarial";"Ambos Sexos";"Exito"
"2019-2020";"..";"Otra Educación comercial y empresarial";"Ambos Sexos";"Exito"
"2018-2019";"..";"Otra Educación comercial y empresarial";"Ambos Sexos";"Exito"
"2017-2018";"..";"Otra Educación comercial y empresarial";"Ambos Sexos";"Exito"
"2016-2017";"..";"Otra Educación comercial y empresarial";"Ambos Sexos";"Exito"
"2015-2016";"..";"Otra Educación comercial y empresarial";"Ambos Sexos";"Exito"
"2022-2023";"81.35";"Derecho";"Ambos Sexos";"Exito"
"2021-2022";"79.73";"Derecho";"Ambos Sexos";"Exito"
"2020-2021";"80.3";"Derecho";"Ambos Sexos";"Exito"
"2019-2020";"87.76";"Derecho";"Ambos Sexos";"Exito"
"2018-2019";"82.36";"Derecho";"Ambos Sexos";"Exito"
"2017-2018";"83.01";"Derecho";"Ambos Sexos";"Exito"
"2016-2017";"81.42";"Derecho";"Ambos Sexos";"Exito"
"2015-2016";"83.07";"Derecho";"Ambos Sexos";"Exito"
"2022-2023";"83.03";"Total Ciencias";"Ambos Sexos";"Exito"
"2021-2022";"82.18";"Total Ciencias";"Ambos Sexos";"Exito"
"2020-2021";"80.76";"Total Ciencias";"Ambos Sexos";"Exito"
"2019-2020";"89.22";"Total Ciencias";"Ambos Sexos";"Exito"
"2018-2019";"84.5";"Total Ciencias";"Ambos Sexos";"Exito"
"2017-2018";"84.66";"Total Ciencias";"Ambos Sexos";"Exito"
"2016-2017";"79.85";"Total Ciencias";"Ambos Sexos";"Exito"
"2015-2016";"83.16";"Total Ciencias";"Ambos Sexos";"Exito"
"2022-2023";"85.99";"Ciencias de la vida";"Ambos Sexos";"Exito"
"2021-2022";"86.01";"Ciencias de la vida";"Ambos Sexos";"Exito"
"2020-2021";"83.56";"Ciencias de la vida";"Ambos Sexos";"Exito"
"2019-2020";"91.82";"Ciencias de la vida";"Ambos Sexos";"Exito"
"2018-2019";"87.48";"Ciencias de la vida";"Ambos Sexos";"Exito"
"2017-2018";"86.59";"Ciencias de la vida";"Ambos Sexos";"Exito"
"2016-2017";"84.2";"Ciencias de la vida";"Ambos Sexos";"Exito"
"2015-2016";"84.58";"Ciencias de la vida";"Ambos Sexos";"Exito"
"2022-2023";"78.34";"Ciencias Físicas, químicas, geológicas";"Ambos Sexos";"Exito"
"2021-2022";"76.25";"Ciencias Físicas, químicas, geológicas";"Ambos Sexos";"Exito"
"2020-2021";"76.1";"Ciencias Físicas, químicas, geológicas";"Ambos Sexos";"Exito"
"2019-2020";"84.42";"Ciencias Físicas, químicas, geológicas";"Ambos Sexos";"Exito"
"2018-2019";"78.56";"Ciencias Físicas, químicas, geológicas";"Ambos Sexos";"Exito"
"2017-2018";"80.45";"Ciencias Físicas, químicas, geológicas";"Ambos Sexos";"Exito"
"2016-2017";"70.28";"Ciencias Físicas, químicas, geológicas";"Ambos Sexos";"Exito"
"2015-2016";"79.82";"Ciencias Físicas, químicas, geológicas";"Ambos Sexos";"Exito"
"2022-2023";"..";"Matemáticas y Estadística";"Ambos Sexos";"Exito"
"2021-2022";"..";"Matemáticas y Estadística";"Ambos Sexos";"Exito"
"2020-2021";"..";"Matemáticas y Estadística";"Ambos Sexos";"Exito"
"2019-2020";"..";"Matemáticas y Estadística";"Ambos Sexos";"Exito"
"2018-2019";"..";"Matemáticas y Estadística";"Ambos Sexos";"Exito"
"2017-2018";"..";"Matemáticas y Estadística";"Ambos Sexos";"Exito"
"2016-2017";"..";"Matemáticas y Estadística";"Ambos Sexos";"Exito"
"2015-2016";"..";"Matemáticas y Estadística";"Ambos Sexos";"Exito"
"2022-2023";"83.3";"Total Informática";"Ambos Sexos";"Exito"
"2021-2022";"81.69";"Total Informática";"Ambos Sexos";"Exito"
"2020-2021";"80.19";"Total Informática";"Ambos Sexos";"Exito"
"2019-2020";"84.28";"Total Informática";"Ambos Sexos";"Exito"
"2018-2019";"80.48";"Total Informática";"Ambos Sexos";"Exito"
"2017-2018";"81.49";"Total Informática";"Ambos Sexos";"Exito"
"2016-2017";"77.33";"Total Informática";"Ambos Sexos";"Exito"
"2015-2016";"80.01";"Total Informática";"Ambos Sexos";"Exito"
"2022-2023";"83.3";"Informática";"Ambos Sexos";"Exito"
"2021-2022";"81.69";"Informática";"Ambos Sexos";"Exito"
"2020-2021";"80.19";"Informática";"Ambos Sexos";"Exito"
"2019-2020";"84.28";"Informática";"Ambos Sexos";"Exito"
"2018-2019";"80.48";"Informática";"Ambos Sexos";"Exito"
"2017-2018";"81.49";"Informática";"Ambos Sexos";"Exito"
"2016-2017";"77.33";"Informática";"Ambos Sexos";"Exito"
"2015-2016";"80.01";"Informática";"Ambos Sexos";"Exito"
"2022-2023";"75.82";"Total Ingeniería, industria y construcción";"Ambos Sexos";"Exito"
"2021-2022";"78.0";"Total Ingeniería, industria y construcción";"Ambos Sexos";"Exito"
"2020-2021";"76.64";"Total Ingeniería, industria y construcción";"Ambos Sexos";"Exito"
"2019-2020";"81.09";"Total Ingeniería, industria y construcción";"Ambos Sexos";"Exito"
"2018-2019";"80.8";"Total Ingeniería, industria y construcción";"Ambos Sexos";"Exito"
"2017-2018";"81.37";"Total Ingeniería, industria y construcción";"Ambos Sexos";"Exito"
"2016-2017";"76.8";"Total Ingeniería, industria y construcción";"Ambos Sexos";"Exito"
"2015-2016";"81.95";"Total Ingeniería, industria y construcción";"Ambos Sexos";"Exito"
"2022-2023";"74.71";"Ingenierías";"Ambos Sexos";"Exito"
"2021-2022";"77.05";"Ingenierías";"Ambos Sexos";"Exito"
"2020-2021";"75.48";"Ingenierías";"Ambos Sexos";"Exito"
"2019-2020";"80.22";"Ingenierías";"Ambos Sexos";"Exito"
"2018-2019";"79.96";"Ingenierías";"Ambos Sexos";"Exito"
"2017-2018";"80.65";"Ingenierías";"Ambos Sexos";"Exito"
"2016-2017";"76.12";"Ingenierías";"Ambos Sexos";"Exito"
"2015-2016";"80.88";"Ingenierías";"Ambos Sexos";"Exito"
"2022-2023";"81.67";"Arquitectura y construcción";"Ambos Sexos";"Exito"
"2021-2022";"83.64";"Arquitectura y construcción";"Ambos Sexos";"Exito"
"2020-2021";"84.34";"Arquitectura y construcción";"Ambos Sexos";"Exito"
"2019-2020";"88.51";"Arquitectura y construcción";"Ambos Sexos";"Exito"
"2018-2019";"89.01";"Arquitectura y construcción";"Ambos Sexos";"Exito"
"2017-2018";"88.82";"Arquitectura y construcción";"Ambos Sexos";"Exito"
"2016-2017";"82.16";"Arquitectura y construcción";"Ambos Sexos";"Exito"
"2015-2016";"88.49";"Arquitectura y construcción";"Ambos Sexos";"Exito"
"2022-2023";"79.8";"Total Agricultura, ganadería,  silvicultura, pesca, y veterinaria";"Ambos Sexos";"Exito"
"2021-2022";"83.67";"Total Agricultura, ganadería,  silvicultura, pesca, y veterinaria";"Ambos Sexos";"Exito"
"2020-2021";"81.65";"Total Agricultura, ganadería,  silvicultura, pesca, y veterinaria";"Ambos Sexos";"Exito"
"2019-2020";"90.74";"Total Agricultura, ganadería,  silvicultura, pesca, y veterinaria";"Ambos Sexos";"Exito"
"2018-2019";"85.72";"Total Agricultura, ganadería,  silvicultura, pesca, y veterinaria";"Ambos Sexos";"Exito"
"2017-2018";"83.03";"Total Agricultura, ganadería,  silvicultura, pesca, y veterinaria";"Ambos Sexos";"Exito"
"2016-2017";"78.24";"Total Agricultura, ganadería,  silvicultura, pesca, y veterinaria";"Ambos Sexos";"Exito"
"2015-2016";"81.89";"Total Agricultura, ganadería,  silvicultura, pesca, y veterinaria";"Ambos Sexos";"Exito"
"2022-2023";"76.89";"Agricultura, ganadería y pesca";"Ambos Sexos";"Exito"
"2021-2022";"77.01";"Agricultura, ganadería y pesca";"Ambos Sexos";"Exito"
"2020-2021";"73.99";"Agricultura, ganadería y pesca";"Ambos Sexos";"Exito"
"2019-2020";"83.71";"Agricultura, ganadería y pesca";"Ambos Sexos";"Exito"
"2018-2019";"79.92";"Agricultura, ganadería y pesca";"Ambos Sexos";"Exito"
"2017-2018";"75.1";"Agricultura, ganadería y pesca";"Ambos Sexos";"Exito"
"2016-2017";"72.32";"Agricultura, ganadería y pesca";"Ambos Sexos";"Exito"
"2015-2016";"77.89";"Agricultura, ganadería y pesca";"Ambos Sexos";"Exito"
"2022-2023";"81.46";"Veterinaria";"Ambos Sexos";"Exito"
"2021-2022";"87.2";"Veterinaria";"Ambos Sexos";"Exito"
"2020-2021";"85.67";"Veterinaria";"Ambos Sexos";"Exito"
"2019-2020";"94.19";"Veterinaria";"Ambos Sexos";"Exito"
"2018-2019";"88.88";"Veterinaria";"Ambos Sexos";"Exito"
"2017-2018";"87.65";"Veterinaria";"Ambos Sexos";"Exito"
"2016-2017";"82.09";"Veterinaria";"Ambos Sexos";"Exito"
"2015-2016";"84.49";"Veterinaria";"Ambos Sexos";"Exito"
"2022-2023";"95.95";"Total Salud y servicios sociales";"Ambos Sexos";"Exito"
"2021-2022";"95.84";"Total Salud y servicios sociales";"Ambos Sexos";"Exito"
"2020-2021";"95.29";"Total Salud y servicios sociales";"Ambos Sexos";"Exito"
"2019-2020";"96.91";"Total Salud y servicios sociales";"Ambos Sexos";"Exito"
"2018-2019";"96.32";"Total Salud y servicios sociales";"Ambos Sexos";"Exito"
"2017-2018";"95.8";"Total Salud y servicios sociales";"Ambos Sexos";"Exito"
"2016-2017";"95.85";"Total Salud y servicios sociales";"Ambos Sexos";"Exito"
"2015-2016";"96.25";"Total Salud y servicios sociales";"Ambos Sexos";"Exito"
"2022-2023";"94.94";"Medicina";"Ambos Sexos";"Exito"
"2021-2022";"94.41";"Medicina";"Ambos Sexos";"Exito"
"2020-2021";"94.22";"Medicina";"Ambos Sexos";"Exito"
"2019-2020";"96.57";"Medicina";"Ambos Sexos";"Exito"
"2018-2019";"95.0";"Medicina";"Ambos Sexos";"Exito"
"2017-2018";"94.03";"Medicina";"Ambos Sexos";"Exito"
"2016-2017";"95.05";"Medicina";"Ambos Sexos";"Exito"
"2015-2016";"95.63";"Medicina";"Ambos Sexos";"Exito"
"2022-2023";"97.15";"Enfermería y atención a enfermos";"Ambos Sexos";"Exito"
"2021-2022";"98.05";"Enfermería y atención a enfermos";"Ambos Sexos";"Exito"
"2020-2021";"96.5";"Enfermería y atención a enfermos";"Ambos Sexos";"Exito"
"2019-2020";"97.12";"Enfermería y atención a enfermos";"Ambos Sexos";"Exito"
"2018-2019";"97.84";"Enfermería y atención a enfermos";"Ambos Sexos";"Exito"
"2017-2018";"98.21";"Enfermería y atención a enfermos";"Ambos Sexos";"Exito"
"2016-2017";"97.28";"Enfermería y atención a enfermos";"Ambos Sexos";"Exito"
"2015-2016";"97.17";"Enfermería y atención a enfermos";"Ambos Sexos";"Exito"
"2022-2023";"96.98";"Otras ciencias de la Salud";"Ambos Sexos";"Exito"
"2021-2022";"96.37";"Otras ciencias de la Salud";"Ambos Sexos";"Exito"
"2020-2021";"96.98";"Otras ciencias de la Salud";"Ambos Sexos";"Exito"
"2019-2020";"97.86";"Otras ciencias de la Salud";"Ambos Sexos";"Exito"
"2018-2019";"98.29";"Otras ciencias de la Salud";"Ambos Sexos";"Exito"
"2017-2018";"97.9";"Otras ciencias de la Salud";"Ambos Sexos";"Exito"
"2016-2017";"95.36";"Otras ciencias de la Salud";"Ambos Sexos";"Exito"
"2015-2016";"97.46";"Otras ciencias de la Salud";"Ambos Sexos";"Exito"
"2022-2023";"..";"Trabajo social y orientación";"Ambos Sexos";"Exito"
"2021-2022";"..";"Trabajo social y orientación";"Ambos Sexos";"Exito"
"2020-2021";"..";"Trabajo social y orientación";"Ambos Sexos";"Exito"
"2019-2020";"..";"Trabajo social y orientación";"Ambos Sexos";"Exito"
"2018-2019";"..";"Trabajo social y orientación";"Ambos Sexos";"Exito"
"2017-2018";"..";"Trabajo social y orientación";"Ambos Sexos";"Exito"
"2016-2017";"..";"Trabajo social y orientación";"Ambos Sexos";"Exito"
"2015-2016";"..";"Trabajo social y orientación";"Ambos Sexos";"Exito"
"2022-2023";"89.38";"Total Servicios";"Ambos Sexos";"Exito"
"2021-2022";"87.96";"Total Servicios";"Ambos Sexos";"Exito"
"2020-2021";"86.58";"Total Servicios";"Ambos Sexos";"Exito"
"2019-2020";"91.19";"Total Servicios";"Ambos Sexos";"Exito"
"2018-2019";"86.97";"Total Servicios";"Ambos Sexos";"Exito"
"2017-2018";"84.32";"Total Servicios";"Ambos Sexos";"Exito"
"2016-2017";"86.04";"Total Servicios";"Ambos Sexos";"Exito"
"2015-2016";"83.59";"Total Servicios";"Ambos Sexos";"Exito"
"2022-2023";"..";"Deportes";"Ambos Sexos";"Exito"
"2021-2022";"..";"Deportes";"Ambos Sexos";"Exito"
"2020-2021";"..";"Deportes";"Ambos Sexos";"Exito"
"2019-2020";"..";"Deportes";"Ambos Sexos";"Exito"
"2018-2019";"..";"Deportes";"Ambos Sexos";"Exito"
"2017-2018";"..";"Deportes";"Ambos Sexos";"Exito"
"2016-2017";"..";"Deportes";"Ambos Sexos";"Exito"
"2015-2016";"..";"Deportes";"Ambos Sexos";"Exito"
"2022-2023";"89.38";"Turismo y Hostelería";"Ambos Sexos";"Exito"
"2021-2022";"87.96";"Turismo y Hostelería";"Ambos Sexos";"Exito"
"2020-2021";"86.58";"Turismo y Hostelería";"Ambos Sexos";"Exito"
"2019-2020";"91.19";"Turismo y Hostelería";"Ambos Sexos";"Exito"
"2018-2019";"86.97";"Turismo y Hostelería";"Ambos Sexos";"Exito"
"2017-2018";"84.32";"Turismo y Hostelería";"Ambos Sexos";"Exito"
"2016-2017";"86.04";"Turismo y Hostelería";"Ambos Sexos";"Exito"
"2015-2016";"83.59";"Turismo y Hostelería";"Ambos Sexos";"Exito"
"2022-2023";"..";"Otros Servicios";"Ambos Sexos";"Exito"
"2021-2022";"..";"Otros Servicios";"Ambos Sexos";"Exito"
"2020-2021";"..";"Otros Servicios";"Ambos Sexos";"Exito"
"2019-2020";"..";"Otros Servicios";"Ambos Sexos";"Exito"
"2018-2019";"..";"Otros Servicios";"Ambos Sexos";"Exito"
"2017-2018";"..";"Otros Servicios";"Ambos Sexos";"Exito"
"2016-2017";"..";"Otros Servicios";"Ambos Sexos";"Exito"
"2015-2016";"..";"Otros Servicios";"Ambos Sexos";"Exito"
"2022-2023";"???";"Córdoba";"Ambos Sexos";"Evaluacion"
"2021-2022";"???";"Córdoba";"Ambos Sexos";"Evaluacion"
"2020-2021";"???";"Córdoba";"Ambos Sexos";"Evaluacion"
"2019-2020";"???";"Córdoba";"Ambos Sexos";"Evaluacion"
"2018-2019";"???";"Córdoba";"Ambos Sexos";"Evaluacion"
"2017-2018";"???";"Córdoba";"Ambos Sexos";"Evaluacion"
"2016-2017";"???";"Córdoba";"Ambos Sexos";"Evaluacion"
"2015-2016";"???";"Córdoba";"Ambos Sexos";"Evaluacion"
"2022-2023";"89.05";"Todos los ámbitos";"Ambos Sexos";"Evaluacion"
"2021-2022";"85.79";"Todos los ámbitos";"Ambos Sexos";"Evaluacion"
"2020-2021";"87.09";"Todos los ámbitos";"Ambos Sexos";"Evaluacion"
"2019-2020";"89.23";"Todos los ámbitos";"Ambos Sexos";"Evaluacion"
"2018-2019";"87.49";"Todos los ámbitos";"Ambos Sexos";"Evaluacion"
"2017-2018";"87.42";"Todos los ámbitos";"Ambos Sexos";"Evaluacion"
"2016-2017";"91.54";"Todos los ámbitos";"Ambos Sexos";"Evaluacion"
"2015-2016";"87.49";"Todos los ámbitos";"Ambos Sexos";"Evaluacion"
"2022-2023";"97.02";"Total Educación";"Ambos Sexos";"Evaluacion"
"2021-2022";"95.96";"Total Educación";"Ambos Sexos";"Evaluacion"
"2020-2021";"97.1";"Total Educación";"Ambos Sexos";"Evaluacion"
"2019-2020";"96.67";"Total Educación";"Ambos Sexos";"Evaluacion"
"2018-2019";"96.49";"Total Educación";"Ambos Sexos";"Evaluacion"
"2017-2018";"96.48";"Total Educación";"Ambos Sexos";"Evaluacion"
"2016-2017";"97.1";"Total Educación";"Ambos Sexos";"Evaluacion"
"2015-2016";"96.47";"Total Educación";"Ambos Sexos";"Evaluacion"
"2022-2023";"97.08";"Formación de docentes de enseñanza infantil";"Ambos Sexos";"Evaluacion"
"2021-2022";"95.97";"Formación de docentes de enseñanza infantil";"Ambos Sexos";"Evaluacion"
"2020-2021";"97.64";"Formación de docentes de enseñanza infantil";"Ambos Sexos";"Evaluacion"
"2019-2020";"97.89";"Formación de docentes de enseñanza infantil";"Ambos Sexos";"Evaluacion"
"2018-2019";"97.68";"Formación de docentes de enseñanza infantil";"Ambos Sexos";"Evaluacion"
"2017-2018";"97.68";"Formación de docentes de enseñanza infantil";"Ambos Sexos";"Evaluacion"
"2016-2017";"97.53";"Formación de docentes de enseñanza infantil";"Ambos Sexos";"Evaluacion"
"2015-2016";"97.62";"Formación de docentes de enseñanza infantil";"Ambos Sexos";"Evaluacion"
"2022-2023";"96.83";"Formación de docentes de enseñanza primaria";"Ambos Sexos";"Evaluacion"
"2021-2022";"95.68";"Formación de docentes de enseñanza primaria";"Ambos Sexos";"Evaluacion"
"2020-2021";"96.62";"Formación de docentes de enseñanza primaria";"Ambos Sexos";"Evaluacion"
"2019-2020";"96.03";"Formación de docentes de enseñanza primaria";"Ambos Sexos";"Evaluacion"
"2018-2019";"95.44";"Formación de docentes de enseñanza primaria";"Ambos Sexos";"Evaluacion"
"2017-2018";"95.47";"Formación de docentes de enseñanza primaria";"Ambos Sexos";"Evaluacion"
"2016-2017";"96.57";"Formación de docentes de enseñanza primaria";"Ambos Sexos";"Evaluacion"
"2015-2016";"95.6";"Formación de docentes de enseñanza primaria";"Ambos Sexos";"Evaluacion"
"2022-2023";"98.02";"Otra Formación de personal docente y ciencias de la educación";"Ambos Sexos";"Evaluacion"
"2021-2022";"97.74";"Otra Formación de personal docente y ciencias de la educación";"Ambos Sexos";"Evaluacion"
"2020-2021";"97.88";"Otra Formación de personal docente y ciencias de la educación";"Ambos Sexos";"Evaluacion"
"2019-2020";"95.84";"Otra Formación de personal docente y ciencias de la educación";"Ambos Sexos";"Evaluacion"
"2018-2019";"97.9";"Otra Formación de personal docente y ciencias de la educación";"Ambos Sexos";"Evaluacion"
"2017-2018";"97.79";"Otra Formación de personal docente y ciencias de la educación";"Ambos Sexos";"Evaluacion"
"2016-2017";"98.84";"Otra Formación de personal docente y ciencias de la educación";"Ambos Sexos";"Evaluacion"
"2015-2016";"97.56";"Otra Formación de personal docente y ciencias de la educación";"Ambos Sexos";"Evaluacion"
"2022-2023";"88.32";"Total Artes y humanidades";"Ambos Sexos";"Evaluacion"
"2021-2022";"85.36";"Total Artes y humanidades";"Ambos Sexos";"Evaluacion"
"2020-2021";"87.2";"Total Artes y humanidades";"Ambos Sexos";"Evaluacion"
"2019-2020";"88.61";"Total Artes y humanidades";"Ambos Sexos";"Evaluacion"
"2018-2019";"89.33";"Total Artes y humanidades";"Ambos Sexos";"Evaluacion"
"2017-2018";"88.44";"Total Artes y humanidades";"Ambos Sexos";"Evaluacion"
"2016-2017";"91.98";"Total Artes y humanidades";"Ambos Sexos";"Evaluacion"
"2015-2016";"90.08";"Total Artes y humanidades";"Ambos Sexos";"Evaluacion"
"2022-2023";"82.66";"Técnicas audiovisuales y medios de comunicación";"Ambos Sexos";"Evaluacion"
"2021-2022";"79.69";"Técnicas audiovisuales y medios de comunicación";"Ambos Sexos";"Evaluacion"
"2020-2021";"80.89";"Técnicas audiovisuales y medios de comunicación";"Ambos Sexos";"Evaluacion"
"2019-2020";"78.91";"Técnicas audiovisuales y medios de comunicación";"Ambos Sexos";"Evaluacion"
"2018-2019";"87.8";"Técnicas audiovisuales y medios de comunicación";"Ambos Sexos";"Evaluacion"
"2017-2018";"84.07";"Técnicas audiovisuales y medios de comunicación";"Ambos Sexos";"Evaluacion"
"2016-2017";"..";"Técnicas audiovisuales y medios de comunicación";"Ambos Sexos";"Evaluacion"
"2015-2016";"..";"Técnicas audiovisuales y medios de comunicación";"Ambos Sexos";"Evaluacion"
"2022-2023";"82.83";"Artes";"Ambos Sexos";"Evaluacion"
"2021-2022";"80.2";"Artes";"Ambos Sexos";"Evaluacion"
"2020-2021";"83.35";"Artes";"Ambos Sexos";"Evaluacion"
"2019-2020";"83.22";"Artes";"Ambos Sexos";"Evaluacion"
"2018-2019";"82.35";"Artes";"Ambos Sexos";"Evaluacion"
"2017-2018";"81.88";"Artes";"Ambos Sexos";"Evaluacion"
"2016-2017";"89.14";"Artes";"Ambos Sexos";"Evaluacion"
"2015-2016";"85.21";"Artes";"Ambos Sexos";"Evaluacion"
"2022-2023";"91.02";"Lenguas";"Ambos Sexos";"Evaluacion"
"2021-2022";"87.79";"Lenguas";"Ambos Sexos";"Evaluacion"
"2020-2021";"89.81";"Lenguas";"Ambos Sexos";"Evaluacion"
"2019-2020";"90.46";"Lenguas";"Ambos Sexos";"Evaluacion"
"2018-2019";"91.11";"Lenguas";"Ambos Sexos";"Evaluacion"
"2017-2018";"90.67";"Lenguas";"Ambos Sexos";"Evaluacion"
"2016-2017";"93.0";"Lenguas";"Ambos Sexos";"Evaluacion"
"2015-2016";"92.62";"Lenguas";"Ambos Sexos";"Evaluacion"
"2022-2023";"85.81";"Humanidades";"Ambos Sexos";"Evaluacion"
"2021-2022";"83.68";"Humanidades";"Ambos Sexos";"Evaluacion"
"2020-2021";"84.42";"Humanidades";"Ambos Sexos";"Evaluacion"
"2019-2020";"89.48";"Humanidades";"Ambos Sexos";"Evaluacion"
"2018-2019";"86.8";"Humanidades";"Ambos Sexos";"Evaluacion"
"2017-2018";"84.51";"Humanidades";"Ambos Sexos";"Evaluacion"
"2016-2017";"90.08";"Humanidades";"Ambos Sexos";"Evaluacion"
"2015-2016";"84.35";"Humanidades";"Ambos Sexos";"Evaluacion"
"2022-2023";"94.16";"Total Ciencias sociales, periodismo y documentación";"Ambos Sexos";"Evaluacion"
"2021-2022";"93.98";"Total Ciencias sociales, periodismo y documentación";"Ambos Sexos";"Evaluacion"
"2020-2021";"94.2";"Total Ciencias sociales, periodismo y documentación";"Ambos Sexos";"Evaluacion"
"2019-2020";"91.53";"Total Ciencias sociales, periodismo y documentación";"Ambos Sexos";"Evaluacion"
"2018-2019";"92.23";"Total Ciencias sociales, periodismo y documentación";"Ambos Sexos";"Evaluacion"
"2017-2018";"86.37";"Total Ciencias sociales, periodismo y documentación";"Ambos Sexos";"Evaluacion"
"2016-2017";"96.03";"Total Ciencias sociales, periodismo y documentación";"Ambos Sexos";"Evaluacion"
"2015-2016";"85.03";"Total Ciencias sociales, periodismo y documentación";"Ambos Sexos";"Evaluacion"
"2022-2023";"96.32";"Psicología";"Ambos Sexos";"Evaluacion"
"2021-2022";"97.09";"Psicología";"Ambos Sexos";"Evaluacion"
"2020-2021";"98.11";"Psicología";"Ambos Sexos";"Evaluacion"
"2019-2020";"96.83";"Psicología";"Ambos Sexos";"Evaluacion"
"2018-2019";"96.0";"Psicología";"Ambos Sexos";"Evaluacion"
"2017-2018";"..";"Psicología";"Ambos Sexos";"Evaluacion"
"2016-2017";"..";"Psicología";"Ambos Sexos";"Evaluacion"
"2015-2016";"..";"Psicología";"Ambos Sexos";"Evaluacion"
"2022-2023";"..";"Economía";"Ambos Sexos";"Evaluacion"
"2021-2022";"..";"Economía";"Ambos Sexos";"Evaluacion"
"2020-2021";"..";"Economía";"Ambos Sexos";"Evaluacion"
"2019-2020";"..";"Economía";"Ambos Sexos";"Evaluacion"
"2018-2019";"..";"Economía";"Ambos Sexos";"Evaluacion"
"2017-2018";"..";"Economía";"Ambos Sexos";"Evaluacion"
"2016-2017";"..";"Economía";"Ambos Sexos";"Evaluacion"
"2015-2016";"..";"Economía";"Ambos Sexos";"Evaluacion"
"2022-2023";"80.48";"Otras Ciencias sociales y del comportamiento";"Ambos Sexos";"Evaluacion"
"2021-2022";"77.95";"Otras Ciencias sociales y del comportamiento";"Ambos Sexos";"Evaluacion"
"2020-2021";"83.75";"Otras Ciencias sociales y del comportamiento";"Ambos Sexos";"Evaluacion"
"2019-2020";"84.5";"Otras Ciencias sociales y del comportamiento";"Ambos Sexos";"Evaluacion"
"2018-2019";"90.09";"Otras Ciencias sociales y del comportamiento";"Ambos Sexos";"Evaluacion"
"2017-2018";"86.37";"Otras Ciencias sociales y del comportamiento";"Ambos Sexos";"Evaluacion"
"2016-2017";"96.03";"Otras Ciencias sociales y del comportamiento";"Ambos Sexos";"Evaluacion"
"2015-2016";"85.03";"Otras Ciencias sociales y del comportamiento";"Ambos Sexos";"Evaluacion"
"2022-2023";"..";"Periodismo e información";"Ambos Sexos";"Evaluacion"
"2021-2022";"..";"Periodismo e información";"Ambos Sexos";"Evaluacion"
"2020-2021";"..";"Periodismo e información";"Ambos Sexos";"Evaluacion"
"2019-2020";"..";"Periodismo e información";"Ambos Sexos";"Evaluacion"
"2018-2019";"..";"Periodismo e información";"Ambos Sexos";"Evaluacion"
"2017-2018";"..";"Periodismo e información";"Ambos Sexos";"Evaluacion"
"2016-2017";"..";"Periodismo e información";"Ambos Sexos";"Evaluacion"
"2015-2016";"..";"Periodismo e información";"Ambos Sexos";"Evaluacion"
"2022-2023";"85.14";"Total Negocios, administración y derecho";"Ambos Sexos";"Evaluacion"
"2021-2022";"81.05";"Total Negocios, administración y derecho";"Ambos Sexos";"Evaluacion"
"2020-2021";"83.81";"Total Negocios, administración y derecho";"Ambos Sexos";"Evaluacion"
"2019-2020";"85.21";"Total Negocios, administración y derecho";"Ambos Sexos";"Evaluacion"
"2018-2019";"83.54";"Total Negocios, administración y derecho";"Ambos Sexos";"Evaluacion"
"2017-2018";"83.49";"Total Negocios, administración y derecho";"Ambos Sexos";"Evaluacion"
"2016-2017";"90.04";"Total Negocios, administración y derecho";"Ambos Sexos";"Evaluacion"
"2015-2016";"85.3";"Total Negocios, administración y derecho";"Ambos Sexos";"Evaluacion"
"2022-2023";"87.85";"Administración y gestión de empresas";"Ambos Sexos";"Evaluacion"
"2021-2022";"85.1";"Administración y gestión de empresas";"Ambos Sexos";"Evaluacion"
"2020-2021";"87.55";"Administración y gestión de empresas";"Ambos Sexos";"Evaluacion"
"2019-2020";"86.9";"Administración y gestión de empresas";"Ambos Sexos";"Evaluacion"
"2018-2019";"86.16";"Administración y gestión de empresas";"Ambos Sexos";"Evaluacion"
"2017-2018";"86.83";"Administración y gestión de empresas";"Ambos Sexos";"Evaluacion"
"2016-2017";"90.42";"Administración y gestión de empresas";"Ambos Sexos";"Evaluacion"
"2015-2016";"86.87";"Administración y gestión de empresas";"Ambos Sexos";"Evaluacion"
"2022-2023";"..";"Otra Educación comercial y empresarial";"Ambos Sexos";"Evaluacion"
"2021-2022";"..";"Otra Educación comercial y empresarial";"Ambos Sexos";"Evaluacion"
"2020-2021";"..";"Otra Educación comercial y empresarial";"Ambos Sexos";"Evaluacion"
"2019-2020";"..";"Otra Educación comercial y empresarial";"Ambos Sexos";"Evaluacion"
"2018-2019";"..";"Otra Educación comercial y empresarial";"Ambos Sexos";"Evaluacion"
"2017-2018";"..";"Otra Educación comercial y empresarial";"Ambos Sexos";"Evaluacion"
"2016-2017";"..";"Otra Educación comercial y empresarial";"Ambos Sexos";"Evaluacion"
"2015-2016";"..";"Otra Educación comercial y empresarial";"Ambos Sexos";"Evaluacion"
"2022-2023";"83.61";"Derecho";"Ambos Sexos";"Evaluacion"
"2021-2022";"78.68";"Derecho";"Ambos Sexos";"Evaluacion"
"2020-2021";"81.58";"Derecho";"Ambos Sexos";"Evaluacion"
"2019-2020";"84.17";"Derecho";"Ambos Sexos";"Evaluacion"
"2018-2019";"81.96";"Derecho";"Ambos Sexos";"Evaluacion"
"2017-2018";"81.42";"Derecho";"Ambos Sexos";"Evaluacion"
"2016-2017";"89.78";"Derecho";"Ambos Sexos";"Evaluacion"
"2015-2016";"84.18";"Derecho";"Ambos Sexos";"Evaluacion"
"2022-2023";"88.4";"Total Ciencias";"Ambos Sexos";"Evaluacion"
"2021-2022";"84.14";"Total Ciencias";"Ambos Sexos";"Evaluacion"
"2020-2021";"84.77";"Total Ciencias";"Ambos Sexos";"Evaluacion"
"2019-2020";"88.1";"Total Ciencias";"Ambos Sexos";"Evaluacion"
"2018-2019";"86.26";"Total Ciencias";"Ambos Sexos";"Evaluacion"
"2017-2018";"86.43";"Total Ciencias";"Ambos Sexos";"Evaluacion"
"2016-2017";"90.1";"Total Ciencias";"Ambos Sexos";"Evaluacion"
"2015-2016";"86.03";"Total Ciencias";"Ambos Sexos";"Evaluacion"
"2022-2023";"88.93";"Ciencias de la vida";"Ambos Sexos";"Evaluacion"
"2021-2022";"85.48";"Ciencias de la vida";"Ambos Sexos";"Evaluacion"
"2020-2021";"87.56";"Ciencias de la vida";"Ambos Sexos";"Evaluacion"
"2019-2020";"91.26";"Ciencias de la vida";"Ambos Sexos";"Evaluacion"
"2018-2019";"89.97";"Ciencias de la vida";"Ambos Sexos";"Evaluacion"
"2017-2018";"90.03";"Ciencias de la vida";"Ambos Sexos";"Evaluacion"
"2016-2017";"92.65";"Ciencias de la vida";"Ambos Sexos";"Evaluacion"
"2015-2016";"89.03";"Ciencias de la vida";"Ambos Sexos";"Evaluacion"
"2022-2023";"87.58";"Ciencias Físicas, químicas, geológicas";"Ambos Sexos";"Evaluacion"
"2021-2022";"82.15";"Ciencias Físicas, químicas, geológicas";"Ambos Sexos";"Evaluacion"
"2020-2021";"80.49";"Ciencias Físicas, químicas, geológicas";"Ambos Sexos";"Evaluacion"
"2019-2020";"82.81";"Ciencias Físicas, químicas, geológicas";"Ambos Sexos";"Evaluacion"
"2018-2019";"79.7";"Ciencias Físicas, químicas, geológicas";"Ambos Sexos";"Evaluacion"
"2017-2018";"79.53";"Ciencias Físicas, químicas, geológicas";"Ambos Sexos";"Evaluacion"
"2016-2017";"84.97";"Ciencias Físicas, químicas, geológicas";"Ambos Sexos";"Evaluacion"
"2015-2016";"79.68";"Ciencias Físicas, químicas, geológicas";"Ambos Sexos";"Evaluacion"
"2022-2023";"..";"Matemáticas y Estadística";"Ambos Sexos";"Evaluacion"
"2021-2022";"..";"Matemáticas y Estadística";"Ambos Sexos";"Evaluacion"
"2020-2021";"..";"Matemáticas y Estadística";"Ambos Sexos";"Evaluacion"
"2019-2020";"..";"Matemáticas y Estadística";"Ambos Sexos";"Evaluacion"
"2018-2019";"..";"Matemáticas y Estadística";"Ambos Sexos";"Evaluacion"
"2017-2018";"..";"Matemáticas y Estadística";"Ambos Sexos";"Evaluacion"
"2016-2017";"..";"Matemáticas y Estadística";"Ambos Sexos";"Evaluacion"
"2015-2016";"..";"Matemáticas y Estadística";"Ambos Sexos";"Evaluacion"
"2022-2023";"86.32";"Total Informática";"Ambos Sexos";"Evaluacion"
"2021-2022";"78.42";"Total Informática";"Ambos Sexos";"Evaluacion"
"2020-2021";"79.12";"Total Informática";"Ambos Sexos";"Evaluacion"
"2019-2020";"81.5";"Total Informática";"Ambos Sexos";"Evaluacion"
"2018-2019";"81.01";"Total Informática";"Ambos Sexos";"Evaluacion"
"2017-2018";"81.9";"Total Informática";"Ambos Sexos";"Evaluacion"
"2016-2017";"85.07";"Total Informática";"Ambos Sexos";"Evaluacion"
"2015-2016";"77.1";"Total Informática";"Ambos Sexos";"Evaluacion"
"2022-2023";"86.32";"Informática";"Ambos Sexos";"Evaluacion"
"2021-2022";"78.42";"Informática";"Ambos Sexos";"Evaluacion"
"2020-2021";"79.12";"Informática";"Ambos Sexos";"Evaluacion"
"2019-2020";"81.5";"Informática";"Ambos Sexos";"Evaluacion"
"2018-2019";"81.01";"Informática";"Ambos Sexos";"Evaluacion"
"2017-2018";"81.9";"Informática";"Ambos Sexos";"Evaluacion"
"2016-2017";"85.07";"Informática";"Ambos Sexos";"Evaluacion"
"2015-2016";"77.1";"Informática";"Ambos Sexos";"Evaluacion"
"2022-2023";"78.59";"Total Ingeniería, industria y construcción";"Ambos Sexos";"Evaluacion"
"2021-2022";"73.82";"Total Ingeniería, industria y construcción";"Ambos Sexos";"Evaluacion"
"2020-2021";"73.06";"Total Ingeniería, industria y construcción";"Ambos Sexos";"Evaluacion"
"2019-2020";"77.32";"Total Ingeniería, industria y construcción";"Ambos Sexos";"Evaluacion"
"2018-2019";"76.74";"Total Ingeniería, industria y construcción";"Ambos Sexos";"Evaluacion"
"2017-2018";"77.35";"Total Ingeniería, industria y construcción";"Ambos Sexos";"Evaluacion"
"2016-2017";"84.32";"Total Ingeniería, industria y construcción";"Ambos Sexos";"Evaluacion"
"2015-2016";"76.99";"Total Ingeniería, industria y construcción";"Ambos Sexos";"Evaluacion"
"2022-2023";"79.53";"Ingenierías";"Ambos Sexos";"Evaluacion"
"2021-2022";"74.2";"Ingenierías";"Ambos Sexos";"Evaluacion"
"2020-2021";"73.42";"Ingenierías";"Ambos Sexos";"Evaluacion"
"2019-2020";"77.52";"Ingenierías";"Ambos Sexos";"Evaluacion"
"2018-2019";"76.89";"Ingenierías";"Ambos Sexos";"Evaluacion"
"2017-2018";"77.76";"Ingenierías";"Ambos Sexos";"Evaluacion"
"2016-2017";"84.76";"Ingenierías";"Ambos Sexos";"Evaluacion"
"2015-2016";"76.76";"Ingenierías";"Ambos Sexos";"Evaluacion"
"2022-2023";"73.97";"Arquitectura y construcción";"Ambos Sexos";"Evaluacion"
"2021-2022";"71.62";"Arquitectura y construcción";"Ambos Sexos";"Evaluacion"
"2020-2021";"70.73";"Arquitectura y construcción";"Ambos Sexos";"Evaluacion"
"2019-2020";"75.62";"Arquitectura y construcción";"Ambos Sexos";"Evaluacion"
"2018-2019";"75.29";"Arquitectura y construcción";"Ambos Sexos";"Evaluacion"
"2017-2018";"73.34";"Arquitectura y construcción";"Ambos Sexos";"Evaluacion"
"2016-2017";"81.02";"Arquitectura y construcción";"Ambos Sexos";"Evaluacion"
"2015-2016";"78.43";"Arquitectura y construcción";"Ambos Sexos";"Evaluacion"
"2022-2023";"84.4";"Total Agricultura, ganadería,  silvicultura, pesca, y veterinaria";"Ambos Sexos";"Evaluacion"
"2021-2022";"78.2";"Total Agricultura, ganadería,  silvicultura, pesca, y veterinaria";"Ambos Sexos";"Evaluacion"
"2020-2021";"80.93";"Total Agricultura, ganadería,  silvicultura, pesca, y veterinaria";"Ambos Sexos";"Evaluacion"
"2019-2020";"89.48";"Total Agricultura, ganadería,  silvicultura, pesca, y veterinaria";"Ambos Sexos";"Evaluacion"
"2018-2019";"80.26";"Total Agricultura, ganadería,  silvicultura, pesca, y veterinaria";"Ambos Sexos";"Evaluacion"
"2017-2018";"80.99";"Total Agricultura, ganadería,  silvicultura, pesca, y veterinaria";"Ambos Sexos";"Evaluacion"
"2016-2017";"88.87";"Total Agricultura, ganadería,  silvicultura, pesca, y veterinaria";"Ambos Sexos";"Evaluacion"
"2015-2016";"80.32";"Total Agricultura, ganadería,  silvicultura, pesca, y veterinaria";"Ambos Sexos";"Evaluacion"
"2022-2023";"80.08";"Agricultura, ganadería y pesca";"Ambos Sexos";"Evaluacion"
"2021-2022";"73.39";"Agricultura, ganadería y pesca";"Ambos Sexos";"Evaluacion"
"2020-2021";"74.98";"Agricultura, ganadería y pesca";"Ambos Sexos";"Evaluacion"
"2019-2020";"79.89";"Agricultura, ganadería y pesca";"Ambos Sexos";"Evaluacion"
"2018-2019";"74.36";"Agricultura, ganadería y pesca";"Ambos Sexos";"Evaluacion"
"2017-2018";"74.77";"Agricultura, ganadería y pesca";"Ambos Sexos";"Evaluacion"
"2016-2017";"84.93";"Agricultura, ganadería y pesca";"Ambos Sexos";"Evaluacion"
"2015-2016";"76.71";"Agricultura, ganadería y pesca";"Ambos Sexos";"Evaluacion"
"2022-2023";"87.08";"Veterinaria";"Ambos Sexos";"Evaluacion"
"2021-2022";"81.03";"Veterinaria";"Ambos Sexos";"Evaluacion"
"2020-2021";"84.44";"Veterinaria";"Ambos Sexos";"Evaluacion"
"2019-2020";"95.08";"Veterinaria";"Ambos Sexos";"Evaluacion"
"2018-2019";"83.9";"Veterinaria";"Ambos Sexos";"Evaluacion"
"2017-2018";"85.11";"Veterinaria";"Ambos Sexos";"Evaluacion"
"2016-2017";"91.63";"Veterinaria";"Ambos Sexos";"Evaluacion"
"2015-2016";"82.85";"Veterinaria";"Ambos Sexos";"Evaluacion"
"2022-2023";"96.01";"Total Salud y servicios sociales";"Ambos Sexos";"Evaluacion"
"2021-2022";"95.46";"Total Salud y servicios sociales";"Ambos Sexos";"Evaluacion"
"2020-2021";"96.27";"Total Salud y servicios sociales";"Ambos Sexos";"Evaluacion"
"2019-2020";"96.93";"Total Salud y servicios sociales";"Ambos Sexos";"Evaluacion"
"2018-2019";"95.74";"Total Salud y servicios sociales";"Ambos Sexos";"Evaluacion"
"2017-2018";"95.61";"Total Salud y servicios sociales";"Ambos Sexos";"Evaluacion"
"2016-2017";"97.08";"Total Salud y servicios sociales";"Ambos Sexos";"Evaluacion"
"2015-2016";"96.38";"Total Salud y servicios sociales";"Ambos Sexos";"Evaluacion"
"2022-2023";"95.99";"Medicina";"Ambos Sexos";"Evaluacion"
"2021-2022";"94.91";"Medicina";"Ambos Sexos";"Evaluacion"
"2020-2021";"95.51";"Medicina";"Ambos Sexos";"Evaluacion"
"2019-2020";"96.49";"Medicina";"Ambos Sexos";"Evaluacion"
"2018-2019";"95.1";"Medicina";"Ambos Sexos";"Evaluacion"
"2017-2018";"95.2";"Medicina";"Ambos Sexos";"Evaluacion"
"2016-2017";"96.98";"Medicina";"Ambos Sexos";"Evaluacion"
"2015-2016";"96.06";"Medicina";"Ambos Sexos";"Evaluacion"
"2022-2023";"95.74";"Enfermería y atención a enfermos";"Ambos Sexos";"Evaluacion"
"2021-2022";"95.84";"Enfermería y atención a enfermos";"Ambos Sexos";"Evaluacion"
"2020-2021";"97.19";"Enfermería y atención a enfermos";"Ambos Sexos";"Evaluacion"
"2019-2020";"97.62";"Enfermería y atención a enfermos";"Ambos Sexos";"Evaluacion"
"2018-2019";"96.34";"Enfermería y atención a enfermos";"Ambos Sexos";"Evaluacion"
"2017-2018";"96.47";"Enfermería y atención a enfermos";"Ambos Sexos";"Evaluacion"
"2016-2017";"97.27";"Enfermería y atención a enfermos";"Ambos Sexos";"Evaluacion"
"2015-2016";"97.24";"Enfermería y atención a enfermos";"Ambos Sexos";"Evaluacion"
"2022-2023";"96.69";"Otras ciencias de la Salud";"Ambos Sexos";"Evaluacion"
"2021-2022";"97.04";"Otras ciencias de la Salud";"Ambos Sexos";"Evaluacion"
"2020-2021";"97.34";"Otras ciencias de la Salud";"Ambos Sexos";"Evaluacion"
"2019-2020";"97.06";"Otras ciencias de la Salud";"Ambos Sexos";"Evaluacion"
"2018-2019";"97.11";"Otras ciencias de la Salud";"Ambos Sexos";"Evaluacion"
"2017-2018";"95.03";"Otras ciencias de la Salud";"Ambos Sexos";"Evaluacion"
"2016-2017";"97.01";"Otras ciencias de la Salud";"Ambos Sexos";"Evaluacion"
"2015-2016";"93.12";"Otras ciencias de la Salud";"Ambos Sexos";"Evaluacion"
"2022-2023";"..";"Trabajo social y orientación";"Ambos Sexos";"Evaluacion"
"2021-2022";"..";"Trabajo social y orientación";"Ambos Sexos";"Evaluacion"
"2020-2021";"..";"Trabajo social y orientación";"Ambos Sexos";"Evaluacion"
"2019-2020";"..";"Trabajo social y orientación";"Ambos Sexos";"Evaluacion"
"2018-2019";"..";"Trabajo social y orientación";"Ambos Sexos";"Evaluacion"
"2017-2018";"..";"Trabajo social y orientación";"Ambos Sexos";"Evaluacion"
"2016-2017";"..";"Trabajo social y orientación";"Ambos Sexos";"Evaluacion"
"2015-2016";"..";"Trabajo social y orientación";"Ambos Sexos";"Evaluacion"
"2022-2023";"86.09";"Total Servicios";"Ambos Sexos";"Evaluacion"
"2021-2022";"87.45";"Total Servicios";"Ambos Sexos";"Evaluacion"
"2020-2021";"87.58";"Total Servicios";"Ambos Sexos";"Evaluacion"
"2019-2020";"86.84";"Total Servicios";"Ambos Sexos";"Evaluacion"
"2018-2019";"85.11";"Total Servicios";"Ambos Sexos";"Evaluacion"
"2017-2018";"86.14";"Total Servicios";"Ambos Sexos";"Evaluacion"
"2016-2017";"91.13";"Total Servicios";"Ambos Sexos";"Evaluacion"
"2015-2016";"87.93";"Total Servicios";"Ambos Sexos";"Evaluacion"
"2022-2023";"..";"Deportes";"Ambos Sexos";"Evaluacion"
"2021-2022";"..";"Deportes";"Ambos Sexos";"Evaluacion"
"2020-2021";"..";"Deportes";"Ambos Sexos";"Evaluacion"
"2019-2020";"..";"Deportes";"Ambos Sexos";"Evaluacion"
"2018-2019";"..";"Deportes";"Ambos Sexos";"Evaluacion"
"2017-2018";"..";"Deportes";"Ambos Sexos";"Evaluacion"
"2016-2017";"..";"Deportes";"Ambos Sexos";"Evaluacion"
"2015-2016";"..";"Deportes";"Ambos Sexos";"Evaluacion"
"2022-2023";"86.09";"Turismo y Hostelería";"Ambos Sexos";"Evaluacion"
"2021-2022";"87.45";"Turismo y Hostelería";"Ambos Sexos";"Evaluacion"
"2020-2021";"87.58";"Turismo y Hostelería";"Ambos Sexos";"Evaluacion"
"2019-2020";"86.84";"Turismo y Hostelería";"Ambos Sexos";"Evaluacion"
"2018-2019";"85.11";"Turismo y Hostelería";"Ambos Sexos";"Evaluacion"
"2017-2018";"86.14";"Turismo y Hostelería";"Ambos Sexos";"Evaluacion"
"2016-2017";"91.13";"Turismo y Hostelería";"Ambos Sexos";"Evaluacion"
"2015-2016";"87.93";"Turismo y Hostelería";"Ambos Sexos";"Evaluacion"
"2022-2023";"..";"Otros Servicios";"Ambos Sexos";"Evaluacion"
"2021-2022";"..";"Otros Servicios";"Ambos Sexos";"Evaluacion"
"2020-2021";"..";"Otros Servicios";"Ambos Sexos";"Evaluacion"
"2019-2020";"..";"Otros Servicios";"Ambos Sexos";"Evaluacion"
"2018-2019";"..";"Otros Servicios";"Ambos Sexos";"Evaluacion"
"2017-2018";"..";"Otros Servicios";"Ambos Sexos";"Evaluacion"
"2016-2017";"..";"Otros Servicios";"Ambos Sexos";"Evaluacion"
"2015-2016";"..";"Otros Servicios";"Ambos Sexos";"Evaluacion"
"2022-2023";"???";"Córdoba";"Hombres";"Rendimiento"
"2021-2022";"???";"Córdoba";"Hombres";"Rendimiento"
"2020-2021";"???";"Córdoba";"Hombres";"Rendimiento"
"2019-2020";"???";"Córdoba";"Hombres";"Rendimiento"
"2018-2019";"???";"Córdoba";"Hombres";"Rendimiento"
"2017-2018";"???";"Córdoba";"Hombres";"Rendimiento"
"2016-2017";"???";"Córdoba";"Hombres";"Rendimiento"
"2015-2016";"???";"Córdoba";"Hombres";"Rendimiento"
"2022-2023";"72.44";"Todos los ámbitos";"Hombres";"Rendimiento"
"2021-2022";"68.94";"Todos los ámbitos";"Hombres";"Rendimiento"
"2020-2021";"68.39";"Todos los ámbitos";"Hombres";"Rendimiento"
"2019-2020";"74.45";"Todos los ámbitos";"Hombres";"Rendimiento"
"2018-2019";"71.56";"Todos los ámbitos";"Hombres";"Rendimiento"
"2017-2018";"71.17";"Todos los ámbitos";"Hombres";"Rendimiento"
"2016-2017";"72.69";"Todos los ámbitos";"Hombres";"Rendimiento"
"2015-2016";"70.15";"Todos los ámbitos";"Hombres";"Rendimiento"
"2022-2023";"89.55";"Total Educación";"Hombres";"Rendimiento"
"2021-2022";"86.71";"Total Educación";"Hombres";"Rendimiento"
"2020-2021";"88.13";"Total Educación";"Hombres";"Rendimiento"
"2019-2020";"90.2";"Total Educación";"Hombres";"Rendimiento"
"2018-2019";"86.67";"Total Educación";"Hombres";"Rendimiento"
"2017-2018";"87.73";"Total Educación";"Hombres";"Rendimiento"
"2016-2017";"88.06";"Total Educación";"Hombres";"Rendimiento"
"2015-2016";"86.18";"Total Educación";"Hombres";"Rendimiento"
"2022-2023";"84.95";"Formación de docentes de enseñanza infantil";"Hombres";"Rendimiento"
"2021-2022";"81.27";"Formación de docentes de enseñanza infantil";"Hombres";"Rendimiento"
"2020-2021";"85.99";"Formación de docentes de enseñanza infantil";"Hombres";"Rendimiento"
"2019-2020";"93.26";"Formación de docentes de enseñanza infantil";"Hombres";"Rendimiento"
"2018-2019";"87.97";"Formación de docentes de enseñanza infantil";"Hombres";"Rendimiento"
"2017-2018";"89.15";"Formación de docentes de enseñanza infantil";"Hombres";"Rendimiento"
"2016-2017";"88.18";"Formación de docentes de enseñanza infantil";"Hombres";"Rendimiento"
"2015-2016";"83.64";"Formación de docentes de enseñanza infantil";"Hombres";"Rendimiento"
"2022-2023";"89.9";"Formación de docentes de enseñanza primaria";"Hombres";"Rendimiento"
"2021-2022";"87.04";"Formación de docentes de enseñanza primaria";"Hombres";"Rendimiento"
"2020-2021";"88.03";"Formación de docentes de enseñanza primaria";"Hombres";"Rendimiento"
"2019-2020";"89.72";"Formación de docentes de enseñanza primaria";"Hombres";"Rendimiento"
"2018-2019";"86.02";"Formación de docentes de enseñanza primaria";"Hombres";"Rendimiento"
"2017-2018";"87.14";"Formación de docentes de enseñanza primaria";"Hombres";"Rendimiento"
"2016-2017";"87.74";"Formación de docentes de enseñanza primaria";"Hombres";"Rendimiento"
"2015-2016";"86.47";"Formación de docentes de enseñanza primaria";"Hombres";"Rendimiento"
"2022-2023";"93.1";"Otra Formación de personal docente y ciencias de la educación";"Hombres";"Rendimiento"
"2021-2022";"92.59";"Otra Formación de personal docente y ciencias de la educación";"Hombres";"Rendimiento"
"2020-2021";"94.04";"Otra Formación de personal docente y ciencias de la educación";"Hombres";"Rendimiento"
"2019-2020";"92.39";"Otra Formación de personal docente y ciencias de la educación";"Hombres";"Rendimiento"
"2018-2019";"93.01";"Otra Formación de personal docente y ciencias de la educación";"Hombres";"Rendimiento"
"2017-2018";"93.93";"Otra Formación de personal docente y ciencias de la educación";"Hombres";"Rendimiento"
"2016-2017";"92.93";"Otra Formación de personal docente y ciencias de la educación";"Hombres";"Rendimiento"
"2015-2016";"86.19";"Otra Formación de personal docente y ciencias de la educación";"Hombres";"Rendimiento"
"2022-2023";"73.3";"Total Artes y humanidades";"Hombres";"Rendimiento"
"2021-2022";"71.61";"Total Artes y humanidades";"Hombres";"Rendimiento"
"2020-2021";"69.95";"Total Artes y humanidades";"Hombres";"Rendimiento"
"2019-2020";"74.04";"Total Artes y humanidades";"Hombres";"Rendimiento"
"2018-2019";"76.11";"Total Artes y humanidades";"Hombres";"Rendimiento"
"2017-2018";"75.35";"Total Artes y humanidades";"Hombres";"Rendimiento"
"2016-2017";"77.31";"Total Artes y humanidades";"Hombres";"Rendimiento"
"2015-2016";"76.25";"Total Artes y humanidades";"Hombres";"Rendimiento"
"2022-2023";"74.8";"Técnicas audiovisuales y medios de comunicación";"Hombres";"Rendimiento"
"2021-2022";"73.84";"Técnicas audiovisuales y medios de comunicación";"Hombres";"Rendimiento"
"2020-2021";"68.6";"Técnicas audiovisuales y medios de comunicación";"Hombres";"Rendimiento"
"2019-2020";"69.27";"Técnicas audiovisuales y medios de comunicación";"Hombres";"Rendimiento"
"2018-2019";"77.54";"Técnicas audiovisuales y medios de comunicación";"Hombres";"Rendimiento"
"2017-2018";"73.91";"Técnicas audiovisuales y medios de comunicación";"Hombres";"Rendimiento"
"2016-2017";"..";"Técnicas audiovisuales y medios de comunicación";"Hombres";"Rendimiento"
"2015-2016";"..";"Técnicas audiovisuales y medios de comunicación";"Hombres";"Rendimiento"
"2022-2023";"62.5";"Artes";"Hombres";"Rendimiento"
"2021-2022";"67.12";"Artes";"Hombres";"Rendimiento"
"2020-2021";"66.09";"Artes";"Hombres";"Rendimiento"
"2019-2020";"67.67";"Artes";"Hombres";"Rendimiento"
"2018-2019";"69.98";"Artes";"Hombres";"Rendimiento"
"2017-2018";"74.74";"Artes";"Hombres";"Rendimiento"
"2016-2017";"80.65";"Artes";"Hombres";"Rendimiento"
"2015-2016";"72.31";"Artes";"Hombres";"Rendimiento"
"2022-2023";"78.15";"Lenguas";"Hombres";"Rendimiento"
"2021-2022";"73.49";"Lenguas";"Hombres";"Rendimiento"
"2020-2021";"72.81";"Lenguas";"Hombres";"Rendimiento"
"2019-2020";"76.16";"Lenguas";"Hombres";"Rendimiento"
"2018-2019";"78.06";"Lenguas";"Hombres";"Rendimiento"
"2017-2018";"78.22";"Lenguas";"Hombres";"Rendimiento"
"2016-2017";"77.24";"Lenguas";"Hombres";"Rendimiento"
"2015-2016";"79.04";"Lenguas";"Hombres";"Rendimiento"
"2022-2023";"69.69";"Humanidades";"Hombres";"Rendimiento"
"2021-2022";"69.48";"Humanidades";"Hombres";"Rendimiento"
"2020-2021";"68.54";"Humanidades";"Hombres";"Rendimiento"
"2019-2020";"74.75";"Humanidades";"Hombres";"Rendimiento"
"2018-2019";"75.0";"Humanidades";"Hombres";"Rendimiento"
"2017-2018";"72.83";"Humanidades";"Hombres";"Rendimiento"
"2016-2017";"76.58";"Humanidades";"Hombres";"Rendimiento"
"2015-2016";"74.34";"Humanidades";"Hombres";"Rendimiento"
"2022-2023";"82.47";"Total Ciencias sociales, periodismo y documentación";"Hombres";"Rendimiento"
"2021-2022";"83.93";"Total Ciencias sociales, periodismo y documentación";"Hombres";"Rendimiento"
"2020-2021";"78.96";"Total Ciencias sociales, periodismo y documentación";"Hombres";"Rendimiento"
"2019-2020";"81.2";"Total Ciencias sociales, periodismo y documentación";"Hombres";"Rendimiento"
"2018-2019";"78.45";"Total Ciencias sociales, periodismo y documentación";"Hombres";"Rendimiento"
"2017-2018";"71.97";"Total Ciencias sociales, periodismo y documentación";"Hombres";"Rendimiento"
"2016-2017";"84.11";"Total Ciencias sociales, periodismo y documentación";"Hombres";"Rendimiento"
"2015-2016";"71.64";"Total Ciencias sociales, periodismo y documentación";"Hombres";"Rendimiento"
"2022-2023";"87.29";"Psicología";"Hombres";"Rendimiento"
"2021-2022";"92.58";"Psicología";"Hombres";"Rendimiento"
"2020-2021";"90.66";"Psicología";"Hombres";"Rendimiento"
"2019-2020";"91.26";"Psicología";"Hombres";"Rendimiento"
"2018-2019";"..";"Psicología";"Hombres";"Rendimiento"
"2017-2018";"..";"Psicología";"Hombres";"Rendimiento"
"2016-2017";"..";"Psicología";"Hombres";"Rendimiento"
"2015-2016";"..";"Psicología";"Hombres";"Rendimiento"
"2022-2023";"..";"Economía";"Hombres";"Rendimiento"
"2021-2022";"..";"Economía";"Hombres";"Rendimiento"
"2020-2021";"..";"Economía";"Hombres";"Rendimiento"
"2019-2020";"..";"Economía";"Hombres";"Rendimiento"
"2018-2019";"..";"Economía";"Hombres";"Rendimiento"
"2017-2018";"..";"Economía";"Hombres";"Rendimiento"
"2016-2017";"..";"Economía";"Hombres";"Rendimiento"
"2015-2016";"..";"Economía";"Hombres";"Rendimiento"
"2022-2023";"..";"Otras Ciencias sociales y del comportamiento";"Hombres";"Rendimiento"
"2021-2022";"66.23";"Otras Ciencias sociales y del comportamiento";"Hombres";"Rendimiento"
"2020-2021";"65.85";"Otras Ciencias sociales y del comportamiento";"Hombres";"Rendimiento"
"2019-2020";"73.88";"Otras Ciencias sociales y del comportamiento";"Hombres";"Rendimiento"
"2018-2019";"75.0";"Otras Ciencias sociales y del comportamiento";"Hombres";"Rendimiento"
"2017-2018";"71.97";"Otras Ciencias sociales y del comportamiento";"Hombres";"Rendimiento"
"2016-2017";"84.11";"Otras Ciencias sociales y del comportamiento";"Hombres";"Rendimiento"
"2015-2016";"71.64";"Otras Ciencias sociales y del comportamiento";"Hombres";"Rendimiento"
"2022-2023";"..";"Periodismo e información";"Hombres";"Rendimiento"
"2021-2022";"..";"Periodismo e información";"Hombres";"Rendimiento"
"2020-2021";"..";"Periodismo e información";"Hombres";"Rendimiento"
"2019-2020";"..";"Periodismo e información";"Hombres";"Rendimiento"
"2018-2019";"..";"Periodismo e información";"Hombres";"Rendimiento"
"2017-2018";"..";"Periodismo e información";"Hombres";"Rendimiento"
"2016-2017";"..";"Periodismo e información";"Hombres";"Rendimiento"
"2015-2016";"..";"Periodismo e información";"Hombres";"Rendimiento"
"2022-2023";"69.19";"Total Negocios, administración y derecho";"Hombres";"Rendimiento"
"2021-2022";"65.49";"Total Negocios, administración y derecho";"Hombres";"Rendimiento"
"2020-2021";"65.84";"Total Negocios, administración y derecho";"Hombres";"Rendimiento"
"2019-2020";"72.66";"Total Negocios, administración y derecho";"Hombres";"Rendimiento"
"2018-2019";"69.59";"Total Negocios, administración y derecho";"Hombres";"Rendimiento"
"2017-2018";"68.56";"Total Negocios, administración y derecho";"Hombres";"Rendimiento"
"2016-2017";"72.93";"Total Negocios, administración y derecho";"Hombres";"Rendimiento"
"2015-2016";"68.77";"Total Negocios, administración y derecho";"Hombres";"Rendimiento"
"2022-2023";"71.28";"Administración y gestión de empresas";"Hombres";"Rendimiento"
"2021-2022";"70.15";"Administración y gestión de empresas";"Hombres";"Rendimiento"
"2020-2021";"68.76";"Administración y gestión de empresas";"Hombres";"Rendimiento"
"2019-2020";"72.48";"Administración y gestión de empresas";"Hombres";"Rendimiento"
"2018-2019";"72.33";"Administración y gestión de empresas";"Hombres";"Rendimiento"
"2017-2018";"72.22";"Administración y gestión de empresas";"Hombres";"Rendimiento"
"2016-2017";"73.39";"Administración y gestión de empresas";"Hombres";"Rendimiento"
"2015-2016";"70.29";"Administración y gestión de empresas";"Hombres";"Rendimiento"
"2022-2023";"..";"Otra Educación comercial y empresarial";"Hombres";"Rendimiento"
"2021-2022";"..";"Otra Educación comercial y empresarial";"Hombres";"Rendimiento"
"2020-2021";"..";"Otra Educación comercial y empresarial";"Hombres";"Rendimiento"
"2019-2020";"..";"Otra Educación comercial y empresarial";"Hombres";"Rendimiento"
"2018-2019";"..";"Otra Educación comercial y empresarial";"Hombres";"Rendimiento"
"2017-2018";"..";"Otra Educación comercial y empresarial";"Hombres";"Rendimiento"
"2016-2017";"..";"Otra Educación comercial y empresarial";"Hombres";"Rendimiento"
"2015-2016";"..";"Otra Educación comercial y empresarial";"Hombres";"Rendimiento"
"2022-2023";"67.82";"Derecho";"Hombres";"Rendimiento"
"2021-2022";"62.36";"Derecho";"Hombres";"Rendimiento"
"2020-2021";"63.87";"Derecho";"Hombres";"Rendimiento"
"2019-2020";"72.78";"Derecho";"Hombres";"Rendimiento"
"2018-2019";"67.74";"Derecho";"Hombres";"Rendimiento"
"2017-2018";"66.02";"Derecho";"Hombres";"Rendimiento"
"2016-2017";"72.57";"Derecho";"Hombres";"Rendimiento"
"2015-2016";"67.55";"Derecho";"Hombres";"Rendimiento"
"2022-2023";"72.69";"Total Ciencias";"Hombres";"Rendimiento"
"2021-2022";"67.7";"Total Ciencias";"Hombres";"Rendimiento"
"2020-2021";"65.88";"Total Ciencias";"Hombres";"Rendimiento"
"2019-2020";"74.86";"Total Ciencias";"Hombres";"Rendimiento"
"2018-2019";"69.88";"Total Ciencias";"Hombres";"Rendimiento"
"2017-2018";"71.13";"Total Ciencias";"Hombres";"Rendimiento"
"2016-2017";"67.78";"Total Ciencias";"Hombres";"Rendimiento"
"2015-2016";"68.22";"Total Ciencias";"Hombres";"Rendimiento"
"2022-2023";"74.95";"Ciencias de la vida";"Hombres";"Rendimiento"
"2021-2022";"71.53";"Ciencias de la vida";"Hombres";"Rendimiento"
"2020-2021";"69.91";"Ciencias de la vida";"Hombres";"Rendimiento"
"2019-2020";"79.7";"Ciencias de la vida";"Hombres";"Rendimiento"
"2018-2019";"76.16";"Ciencias de la vida";"Hombres";"Rendimiento"
"2017-2018";"77.72";"Ciencias de la vida";"Hombres";"Rendimiento"
"2016-2017";"76.05";"Ciencias de la vida";"Hombres";"Rendimiento"
"2015-2016";"72.9";"Ciencias de la vida";"Hombres";"Rendimiento"
"2022-2023";"70.31";"Ciencias Físicas, químicas, geológicas";"Hombres";"Rendimiento"
"2021-2022";"63.82";"Ciencias Físicas, químicas, geológicas";"Hombres";"Rendimiento"
"2020-2021";"61.8";"Ciencias Físicas, químicas, geológicas";"Hombres";"Rendimiento"
"2019-2020";"69.46";"Ciencias Físicas, químicas, geológicas";"Hombres";"Rendimiento"
"2018-2019";"61.81";"Ciencias Físicas, químicas, geológicas";"Hombres";"Rendimiento"
"2017-2018";"61.31";"Ciencias Físicas, químicas, geológicas";"Hombres";"Rendimiento"
"2016-2017";"54.91";"Ciencias Físicas, químicas, geológicas";"Hombres";"Rendimiento"
"2015-2016";"60.6";"Ciencias Físicas, químicas, geológicas";"Hombres";"Rendimiento"
"2022-2023";"..";"Matemáticas y Estadística";"Hombres";"Rendimiento"
"2021-2022";"..";"Matemáticas y Estadística";"Hombres";"Rendimiento"
"2020-2021";"..";"Matemáticas y Estadística";"Hombres";"Rendimiento"
"2019-2020";"..";"Matemáticas y Estadística";"Hombres";"Rendimiento"
"2018-2019";"..";"Matemáticas y Estadística";"Hombres";"Rendimiento"
"2017-2018";"..";"Matemáticas y Estadística";"Hombres";"Rendimiento"
"2016-2017";"..";"Matemáticas y Estadística";"Hombres";"Rendimiento"
"2015-2016";"..";"Matemáticas y Estadística";"Hombres";"Rendimiento"
"2022-2023";"71.42";"Total Informática";"Hombres";"Rendimiento"
"2021-2022";"63.65";"Total Informática";"Hombres";"Rendimiento"
"2020-2021";"63.29";"Total Informática";"Hombres";"Rendimiento"
"2019-2020";"68.39";"Total Informática";"Hombres";"Rendimiento"
"2018-2019";"65.96";"Total Informática";"Hombres";"Rendimiento"
"2017-2018";"66.46";"Total Informática";"Hombres";"Rendimiento"
"2016-2017";"66.43";"Total Informática";"Hombres";"Rendimiento"
"2015-2016";"62.35";"Total Informática";"Hombres";"Rendimiento"
"2022-2023";"71.42";"Informática";"Hombres";"Rendimiento"
"2021-2022";"63.65";"Informática";"Hombres";"Rendimiento"
"2020-2021";"63.29";"Informática";"Hombres";"Rendimiento"
"2019-2020";"68.39";"Informática";"Hombres";"Rendimiento"
"2018-2019";"65.96";"Informática";"Hombres";"Rendimiento"
"2017-2018";"66.46";"Informática";"Hombres";"Rendimiento"
"2016-2017";"66.43";"Informática";"Hombres";"Rendimiento"
"2015-2016";"62.35";"Informática";"Hombres";"Rendimiento"
"2022-2023";"56.29";"Total Ingeniería, industria y construcción";"Hombres";"Rendimiento"
"2021-2022";"52.97";"Total Ingeniería, industria y construcción";"Hombres";"Rendimiento"
"2020-2021";"51.63";"Total Ingeniería, industria y construcción";"Hombres";"Rendimiento"
"2019-2020";"58.21";"Total Ingeniería, industria y construcción";"Hombres";"Rendimiento"
"2018-2019";"59.16";"Total Ingeniería, industria y construcción";"Hombres";"Rendimiento"
"2017-2018";"59.17";"Total Ingeniería, industria y construcción";"Hombres";"Rendimiento"
"2016-2017";"61.79";"Total Ingeniería, industria y construcción";"Hombres";"Rendimiento"
"2015-2016";"59.97";"Total Ingeniería, industria y construcción";"Hombres";"Rendimiento"
"2022-2023";"55.57";"Ingenierías";"Hombres";"Rendimiento"
"2021-2022";"52.17";"Ingenierías";"Hombres";"Rendimiento"
"2020-2021";"50.98";"Ingenierías";"Hombres";"Rendimiento"
"2019-2020";"57.66";"Ingenierías";"Hombres";"Rendimiento"
"2018-2019";"58.56";"Ingenierías";"Hombres";"Rendimiento"
"2017-2018";"58.75";"Ingenierías";"Hombres";"Rendimiento"
"2016-2017";"61.21";"Ingenierías";"Hombres";"Rendimiento"
"2015-2016";"58.58";"Ingenierías";"Hombres";"Rendimiento"
"2022-2023";"60.6";"Arquitectura y construcción";"Hombres";"Rendimiento"
"2021-2022";"58.51";"Arquitectura y construcción";"Hombres";"Rendimiento"
"2020-2021";"56.28";"Arquitectura y construcción";"Hombres";"Rendimiento"
"2019-2020";"63.17";"Arquitectura y construcción";"Hombres";"Rendimiento"
"2018-2019";"64.92";"Arquitectura y construcción";"Hombres";"Rendimiento"
"2017-2018";"63.43";"Arquitectura y construcción";"Hombres";"Rendimiento"
"2016-2017";"66.08";"Arquitectura y construcción";"Hombres";"Rendimiento"
"2015-2016";"68.92";"Arquitectura y construcción";"Hombres";"Rendimiento"
"2022-2023";"64.83";"Total Agricultura, ganadería,  silvicultura, pesca, y veterinaria";"Hombres";"Rendimiento"
"2021-2022";"61.21";"Total Agricultura, ganadería,  silvicultura, pesca, y veterinaria";"Hombres";"Rendimiento"
"2020-2021";"61.37";"Total Agricultura, ganadería,  silvicultura, pesca, y veterinaria";"Hombres";"Rendimiento"
"2019-2020";"73.95";"Total Agricultura, ganadería,  silvicultura, pesca, y veterinaria";"Hombres";"Rendimiento"
"2018-2019";"64.69";"Total Agricultura, ganadería,  silvicultura, pesca, y veterinaria";"Hombres";"Rendimiento"
"2017-2018";"62.8";"Total Agricultura, ganadería,  silvicultura, pesca, y veterinaria";"Hombres";"Rendimiento"
"2016-2017";"65.75";"Total Agricultura, ganadería,  silvicultura, pesca, y veterinaria";"Hombres";"Rendimiento"
"2015-2016";"63.17";"Total Agricultura, ganadería,  silvicultura, pesca, y veterinaria";"Hombres";"Rendimiento"
"2022-2023";"61.39";"Agricultura, ganadería y pesca";"Hombres";"Rendimiento"
"2021-2022";"55.69";"Agricultura, ganadería y pesca";"Hombres";"Rendimiento"
"2020-2021";"55.52";"Agricultura, ganadería y pesca";"Hombres";"Rendimiento"
"2019-2020";"65.48";"Agricultura, ganadería y pesca";"Hombres";"Rendimiento"
"2018-2019";"58.02";"Agricultura, ganadería y pesca";"Hombres";"Rendimiento"
"2017-2018";"55.94";"Agricultura, ganadería y pesca";"Hombres";"Rendimiento"
"2016-2017";"60.98";"Agricultura, ganadería y pesca";"Hombres";"Rendimiento"
"2015-2016";"59.32";"Agricultura, ganadería y pesca";"Hombres";"Rendimiento"
"2022-2023";"72.3";"Veterinaria";"Hombres";"Rendimiento"
"2021-2022";"71.95";"Veterinaria";"Hombres";"Rendimiento"
"2020-2021";"72.38";"Veterinaria";"Hombres";"Rendimiento"
"2019-2020";"87.45";"Veterinaria";"Hombres";"Rendimiento"
"2018-2019";"75.19";"Veterinaria";"Hombres";"Rendimiento"
"2017-2018";"73.66";"Veterinaria";"Hombres";"Rendimiento"
"2016-2017";"73.32";"Veterinaria";"Hombres";"Rendimiento"
"2015-2016";"69.17";"Veterinaria";"Hombres";"Rendimiento"
"2022-2023";"90.62";"Total Salud y servicios sociales";"Hombres";"Rendimiento"
"2021-2022";"89.84";"Total Salud y servicios sociales";"Hombres";"Rendimiento"
"2020-2021";"90.41";"Total Salud y servicios sociales";"Hombres";"Rendimiento"
"2019-2020";"91.67";"Total Salud y servicios sociales";"Hombres";"Rendimiento"
"2018-2019";"89.36";"Total Salud y servicios sociales";"Hombres";"Rendimiento"
"2017-2018";"89.12";"Total Salud y servicios sociales";"Hombres";"Rendimiento"
"2016-2017";"91.02";"Total Salud y servicios sociales";"Hombres";"Rendimiento"
"2015-2016";"90.08";"Total Salud y servicios sociales";"Hombres";"Rendimiento"
"2022-2023";"89.63";"Medicina";"Hombres";"Rendimiento"
"2021-2022";"88.61";"Medicina";"Hombres";"Rendimiento"
"2020-2021";"89.78";"Medicina";"Hombres";"Rendimiento"
"2019-2020";"91.88";"Medicina";"Hombres";"Rendimiento"
"2018-2019";"87.75";"Medicina";"Hombres";"Rendimiento"
"2017-2018";"88.1";"Medicina";"Hombres";"Rendimiento"
"2016-2017";"90.89";"Medicina";"Hombres";"Rendimiento"
"2015-2016";"89.84";"Medicina";"Hombres";"Rendimiento"
"2022-2023";"89.99";"Enfermería y atención a enfermos";"Hombres";"Rendimiento"
"2021-2022";"91.9";"Enfermería y atención a enfermos";"Hombres";"Rendimiento"
"2020-2021";"90.25";"Enfermería y atención a enfermos";"Hombres";"Rendimiento"
"2019-2020";"89.84";"Enfermería y atención a enfermos";"Hombres";"Rendimiento"
"2018-2019";"90.19";"Enfermería y atención a enfermos";"Hombres";"Rendimiento"
"2017-2018";"92.72";"Enfermería y atención a enfermos";"Hombres";"Rendimiento"
"2016-2017";"94.14";"Enfermería y atención a enfermos";"Hombres";"Rendimiento"
"2015-2016";"92.17";"Enfermería y atención a enfermos";"Hombres";"Rendimiento"
"2022-2023";"93.51";"Otras ciencias de la Salud";"Hombres";"Rendimiento"
"2021-2022";"91.32";"Otras ciencias de la Salud";"Hombres";"Rendimiento"
"2020-2021";"92.62";"Otras ciencias de la Salud";"Hombres";"Rendimiento"
"2019-2020";"93.12";"Otras ciencias de la Salud";"Hombres";"Rendimiento"
"2018-2019";"94.41";"Otras ciencias de la Salud";"Hombres";"Rendimiento"
"2017-2018";"89.53";"Otras ciencias de la Salud";"Hombres";"Rendimiento"
"2016-2017";"84.02";"Otras ciencias de la Salud";"Hombres";"Rendimiento"
"2015-2016";"..";"Otras ciencias de la Salud";"Hombres";"Rendimiento"
"2022-2023";"..";"Trabajo social y orientación";"Hombres";"Rendimiento"
"2021-2022";"..";"Trabajo social y orientación";"Hombres";"Rendimiento"
"2020-2021";"..";"Trabajo social y orientación";"Hombres";"Rendimiento"
"2019-2020";"..";"Trabajo social y orientación";"Hombres";"Rendimiento"
"2018-2019";"..";"Trabajo social y orientación";"Hombres";"Rendimiento"
"2017-2018";"..";"Trabajo social y orientación";"Hombres";"Rendimiento"
"2016-2017";"..";"Trabajo social y orientación";"Hombres";"Rendimiento"
"2015-2016";"..";"Trabajo social y orientación";"Hombres";"Rendimiento"
"2022-2023";"70.52";"Total Servicios";"Hombres";"Rendimiento"
"2021-2022";"72.88";"Total Servicios";"Hombres";"Rendimiento"
"2020-2021";"70.17";"Total Servicios";"Hombres";"Rendimiento"
"2019-2020";"68.13";"Total Servicios";"Hombres";"Rendimiento"
"2018-2019";"66.73";"Total Servicios";"Hombres";"Rendimiento"
"2017-2018";"65.81";"Total Servicios";"Hombres";"Rendimiento"
"2016-2017";"73.57";"Total Servicios";"Hombres";"Rendimiento"
"2015-2016";"67.18";"Total Servicios";"Hombres";"Rendimiento"
"2022-2023";"..";"Deportes";"Hombres";"Rendimiento"
"2021-2022";"..";"Deportes";"Hombres";"Rendimiento"
"2020-2021";"..";"Deportes";"Hombres";"Rendimiento"
"2019-2020";"..";"Deportes";"Hombres";"Rendimiento"
"2018-2019";"..";"Deportes";"Hombres";"Rendimiento"
"2017-2018";"..";"Deportes";"Hombres";"Rendimiento"
"2016-2017";"..";"Deportes";"Hombres";"Rendimiento"
"2015-2016";"..";"Deportes";"Hombres";"Rendimiento"
"2022-2023";"70.52";"Turismo y Hostelería";"Hombres";"Rendimiento"
"2021-2022";"72.88";"Turismo y Hostelería";"Hombres";"Rendimiento"
"2020-2021";"70.17";"Turismo y Hostelería";"Hombres";"Rendimiento"
"2019-2020";"68.13";"Turismo y Hostelería";"Hombres";"Rendimiento"
"2018-2019";"66.73";"Turismo y Hostelería";"Hombres";"Rendimiento"
"2017-2018";"65.81";"Turismo y Hostelería";"Hombres";"Rendimiento"
"2016-2017";"73.57";"Turismo y Hostelería";"Hombres";"Rendimiento"
"2015-2016";"67.18";"Turismo y Hostelería";"Hombres";"Rendimiento"
"2022-2023";"..";"Otros Servicios";"Hombres";"Rendimiento"
"2021-2022";"..";"Otros Servicios";"Hombres";"Rendimiento"
"2020-2021";"..";"Otros Servicios";"Hombres";"Rendimiento"
"2019-2020";"..";"Otros Servicios";"Hombres";"Rendimiento"
"2018-2019";"..";"Otros Servicios";"Hombres";"Rendimiento"
"2017-2018";"..";"Otros Servicios";"Hombres";"Rendimiento"
"2016-2017";"..";"Otros Servicios";"Hombres";"Rendimiento"
"2015-2016";"..";"Otros Servicios";"Hombres";"Rendimiento"
"2022-2023";"???";"Córdoba";"Hombres";"Exito"
"2021-2022";"???";"Córdoba";"Hombres";"Exito"
"2020-2021";"???";"Córdoba";"Hombres";"Exito"
"2019-2020";"???";"Córdoba";"Hombres";"Exito"
"2018-2019";"???";"Córdoba";"Hombres";"Exito"
"2017-2018";"???";"Córdoba";"Hombres";"Exito"
"2016-2017";"???";"Córdoba";"Hombres";"Exito"
"2015-2016";"???";"Córdoba";"Hombres";"Exito"
"2022-2023";"84.65";"Todos los ámbitos";"Hombres";"Exito"
"2021-2022";"84.67";"Todos los ámbitos";"Hombres";"Exito"
"2020-2021";"83.46";"Todos los ámbitos";"Hombres";"Exito"
"2019-2020";"87.98";"Todos los ámbitos";"Hombres";"Exito"
"2018-2019";"86.0";"Todos los ámbitos";"Hombres";"Exito"
"2017-2018";"85.58";"Todos los ámbitos";"Hombres";"Exito"
"2016-2017";"82.29";"Todos los ámbitos";"Hombres";"Exito"
"2015-2016";"84.89";"Todos los ámbitos";"Hombres";"Exito"
"2022-2023";"94.09";"Total Educación";"Hombres";"Exito"
"2021-2022";"93.22";"Total Educación";"Hombres";"Exito"
"2020-2021";"93.3";"Total Educación";"Hombres";"Exito"
"2019-2020";"95.09";"Total Educación";"Hombres";"Exito"
"2018-2019";"92.78";"Total Educación";"Hombres";"Exito"
"2017-2018";"93.69";"Total Educación";"Hombres";"Exito"
"2016-2017";"92.54";"Total Educación";"Hombres";"Exito"
"2015-2016";"92.44";"Total Educación";"Hombres";"Exito"
"2022-2023";"88.96";"Formación de docentes de enseñanza infantil";"Hombres";"Exito"
"2021-2022";"91.01";"Formación de docentes de enseñanza infantil";"Hombres";"Exito"
"2020-2021";"90.1";"Formación de docentes de enseñanza infantil";"Hombres";"Exito"
"2019-2020";"95.19";"Formación de docentes de enseñanza infantil";"Hombres";"Exito"
"2018-2019";"92.8";"Formación de docentes de enseñanza infantil";"Hombres";"Exito"
"2017-2018";"94.49";"Formación de docentes de enseñanza infantil";"Hombres";"Exito"
"2016-2017";"93.38";"Formación de docentes de enseñanza infantil";"Hombres";"Exito"
"2015-2016";"92.93";"Formación de docentes de enseñanza infantil";"Hombres";"Exito"
"2022-2023";"94.54";"Formación de docentes de enseñanza primaria";"Hombres";"Exito"
"2021-2022";"93.33";"Formación de docentes de enseñanza primaria";"Hombres";"Exito"
"2020-2021";"93.57";"Formación de docentes de enseñanza primaria";"Hombres";"Exito"
"2019-2020";"94.82";"Formación de docentes de enseñanza primaria";"Hombres";"Exito"
"2018-2019";"92.52";"Formación de docentes de enseñanza primaria";"Hombres";"Exito"
"2017-2018";"93.32";"Formación de docentes de enseñanza primaria";"Hombres";"Exito"
"2016-2017";"92.26";"Formación de docentes de enseñanza primaria";"Hombres";"Exito"
"2015-2016";"92.38";"Formación de docentes de enseñanza primaria";"Hombres";"Exito"
"2022-2023";"96.96";"Otra Formación de personal docente y ciencias de la educación";"Hombres";"Exito"
"2021-2022";"95.63";"Otra Formación de personal docente y ciencias de la educación";"Hombres";"Exito"
"2020-2021";"95.78";"Otra Formación de personal docente y ciencias de la educación";"Hombres";"Exito"
"2019-2020";"98.91";"Otra Formación de personal docente y ciencias de la educación";"Hombres";"Exito"
"2018-2019";"95.95";"Otra Formación de personal docente y ciencias de la educación";"Hombres";"Exito"
"2017-2018";"97.44";"Otra Formación de personal docente y ciencias de la educación";"Hombres";"Exito"
"2016-2017";"95.53";"Otra Formación de personal docente y ciencias de la educación";"Hombres";"Exito"
"2015-2016";"92.77";"Otra Formación de personal docente y ciencias de la educación";"Hombres";"Exito"
"2022-2023";"87.65";"Total Artes y humanidades";"Hombres";"Exito"
"2021-2022";"86.63";"Total Artes y humanidades";"Hombres";"Exito"
"2020-2021";"85.3";"Total Artes y humanidades";"Hombres";"Exito"
"2019-2020";"88.04";"Total Artes y humanidades";"Hombres";"Exito"
"2018-2019";"89.22";"Total Artes y humanidades";"Hombres";"Exito"
"2017-2018";"88.74";"Total Artes y humanidades";"Hombres";"Exito"
"2016-2017";"86.72";"Total Artes y humanidades";"Hombres";"Exito"
"2015-2016";"89.28";"Total Artes y humanidades";"Hombres";"Exito"
"2022-2023";"91.36";"Técnicas audiovisuales y medios de comunicación";"Hombres";"Exito"
"2021-2022";"90.71";"Técnicas audiovisuales y medios de comunicación";"Hombres";"Exito"
"2020-2021";"87.53";"Técnicas audiovisuales y medios de comunicación";"Hombres";"Exito"
"2019-2020";"88.98";"Técnicas audiovisuales y medios de comunicación";"Hombres";"Exito"
"2018-2019";"86.94";"Técnicas audiovisuales y medios de comunicación";"Hombres";"Exito"
"2017-2018";"90.27";"Técnicas audiovisuales y medios de comunicación";"Hombres";"Exito"
"2016-2017";"..";"Técnicas audiovisuales y medios de comunicación";"Hombres";"Exito"
"2015-2016";"..";"Técnicas audiovisuales y medios de comunicación";"Hombres";"Exito"
"2022-2023";"79.55";"Artes";"Hombres";"Exito"
"2021-2022";"80.32";"Artes";"Hombres";"Exito"
"2020-2021";"81.52";"Artes";"Hombres";"Exito"
"2019-2020";"85.17";"Artes";"Hombres";"Exito"
"2018-2019";"88.6";"Artes";"Hombres";"Exito"
"2017-2018";"87.87";"Artes";"Hombres";"Exito"
"2016-2017";"88.41";"Artes";"Hombres";"Exito"
"2015-2016";"88.51";"Artes";"Hombres";"Exito"
"2022-2023";"88.95";"Lenguas";"Hombres";"Exito"
"2021-2022";"87.98";"Lenguas";"Hombres";"Exito"
"2020-2021";"88.57";"Lenguas";"Hombres";"Exito"
"2019-2020";"91.7";"Lenguas";"Hombres";"Exito"
"2018-2019";"91.21";"Lenguas";"Hombres";"Exito"
"2017-2018";"90.55";"Lenguas";"Hombres";"Exito"
"2016-2017";"87.74";"Lenguas";"Hombres";"Exito"
"2015-2016";"91.42";"Lenguas";"Hombres";"Exito"
"2022-2023";"85.62";"Humanidades";"Hombres";"Exito"
"2021-2022";"84.33";"Humanidades";"Hombres";"Exito"
"2020-2021";"81.96";"Humanidades";"Hombres";"Exito"
"2019-2020";"84.69";"Humanidades";"Hombres";"Exito"
"2018-2019";"87.8";"Humanidades";"Hombres";"Exito"
"2017-2018";"86.91";"Humanidades";"Hombres";"Exito"
"2016-2017";"85.22";"Humanidades";"Hombres";"Exito"
"2015-2016";"87.09";"Humanidades";"Hombres";"Exito"
"2022-2023";"95.0";"Total Ciencias sociales, periodismo y documentación";"Hombres";"Exito"
"2021-2022";"94.85";"Total Ciencias sociales, periodismo y documentación";"Hombres";"Exito"
"2020-2021";"89.03";"Total Ciencias sociales, periodismo y documentación";"Hombres";"Exito"
"2019-2020";"90.72";"Total Ciencias sociales, periodismo y documentación";"Hombres";"Exito"
"2018-2019";"90.68";"Total Ciencias sociales, periodismo y documentación";"Hombres";"Exito"
"2017-2018";"87.67";"Total Ciencias sociales, periodismo y documentación";"Hombres";"Exito"
"2016-2017";"85.68";"Total Ciencias sociales, periodismo y documentación";"Hombres";"Exito"
"2015-2016";"85.65";"Total Ciencias sociales, periodismo y documentación";"Hombres";"Exito"
"2022-2023";"94.5";"Psicología";"Hombres";"Exito"
"2021-2022";"96.94";"Psicología";"Hombres";"Exito"
"2020-2021";"92.7";"Psicología";"Hombres";"Exito"
"2019-2020";"95.27";"Psicología";"Hombres";"Exito"
"2018-2019";"..";"Psicología";"Hombres";"Exito"
"2017-2018";"..";"Psicología";"Hombres";"Exito"
"2016-2017";"..";"Psicología";"Hombres";"Exito"
"2015-2016";"..";"Psicología";"Hombres";"Exito"
"2022-2023";"..";"Economía";"Hombres";"Exito"
"2021-2022";"..";"Economía";"Hombres";"Exito"
"2020-2021";"..";"Economía";"Hombres";"Exito"
"2019-2020";"..";"Economía";"Hombres";"Exito"
"2018-2019";"..";"Economía";"Hombres";"Exito"
"2017-2018";"..";"Economía";"Hombres";"Exito"
"2016-2017";"..";"Economía";"Hombres";"Exito"
"2015-2016";"..";"Economía";"Hombres";"Exito"
"2022-2023";"..";"Otras Ciencias sociales y del comportamiento";"Hombres";"Exito"
"2021-2022";"89.35";"Otras Ciencias sociales y del comportamiento";"Hombres";"Exito"
"2020-2021";"83.92";"Otras Ciencias sociales y del comportamiento";"Hombres";"Exito"
"2019-2020";"86.98";"Otras Ciencias sociales y del comportamiento";"Hombres";"Exito"
"2018-2019";"88.89";"Otras Ciencias sociales y del comportamiento";"Hombres";"Exito"
"2017-2018";"87.67";"Otras Ciencias sociales y del comportamiento";"Hombres";"Exito"
"2016-2017";"85.68";"Otras Ciencias sociales y del comportamiento";"Hombres";"Exito"
"2015-2016";"85.65";"Otras Ciencias sociales y del comportamiento";"Hombres";"Exito"
"2022-2023";"..";"Periodismo e información";"Hombres";"Exito"
"2021-2022";"..";"Periodismo e información";"Hombres";"Exito"
"2020-2021";"..";"Periodismo e información";"Hombres";"Exito"
"2019-2020";"..";"Periodismo e información";"Hombres";"Exito"
"2018-2019";"..";"Periodismo e información";"Hombres";"Exito"
"2017-2018";"..";"Periodismo e información";"Hombres";"Exito"
"2016-2017";"..";"Periodismo e información";"Hombres";"Exito"
"2015-2016";"..";"Periodismo e información";"Hombres";"Exito"
"2022-2023";"82.69";"Total Negocios, administración y derecho";"Hombres";"Exito"
"2021-2022";"81.97";"Total Negocios, administración y derecho";"Hombres";"Exito"
"2020-2021";"80.84";"Total Negocios, administración y derecho";"Hombres";"Exito"
"2019-2020";"86.63";"Total Negocios, administración y derecho";"Hombres";"Exito"
"2018-2019";"83.82";"Total Negocios, administración y derecho";"Hombres";"Exito"
"2017-2018";"83.8";"Total Negocios, administración y derecho";"Hombres";"Exito"
"2016-2017";"82.28";"Total Negocios, administración y derecho";"Hombres";"Exito"
"2015-2016";"83.13";"Total Negocios, administración y derecho";"Hombres";"Exito"
"2022-2023";"83.11";"Administración y gestión de empresas";"Hombres";"Exito"
"2021-2022";"84.26";"Administración y gestión de empresas";"Hombres";"Exito"
"2020-2021";"81.68";"Administración y gestión de empresas";"Hombres";"Exito"
"2019-2020";"85.91";"Administración y gestión de empresas";"Hombres";"Exito"
"2018-2019";"85.7";"Administración y gestión de empresas";"Hombres";"Exito"
"2017-2018";"85.4";"Administración y gestión de empresas";"Hombres";"Exito"
"2016-2017";"82.36";"Administración y gestión de empresas";"Hombres";"Exito"
"2015-2016";"83.94";"Administración y gestión de empresas";"Hombres";"Exito"
"2022-2023";"..";"Otra Educación comercial y empresarial";"Hombres";"Exito"
"2021-2022";"..";"Otra Educación comercial y empresarial";"Hombres";"Exito"
"2020-2021";"..";"Otra Educación comercial y empresarial";"Hombres";"Exito"
"2019-2020";"..";"Otra Educación comercial y empresarial";"Hombres";"Exito"
"2018-2019";"..";"Otra Educación comercial y empresarial";"Hombres";"Exito"
"2017-2018";"..";"Otra Educación comercial y empresarial";"Hombres";"Exito"
"2016-2017";"..";"Otra Educación comercial y empresarial";"Hombres";"Exito"
"2015-2016";"..";"Otra Educación comercial y empresarial";"Hombres";"Exito"
"2022-2023";"82.42";"Derecho";"Hombres";"Exito"
"2021-2022";"80.32";"Derecho";"Hombres";"Exito"
"2020-2021";"80.24";"Derecho";"Hombres";"Exito"
"2019-2020";"87.11";"Derecho";"Hombres";"Exito"
"2018-2019";"82.51";"Derecho";"Hombres";"Exito"
"2017-2018";"82.63";"Derecho";"Hombres";"Exito"
"2016-2017";"82.22";"Derecho";"Hombres";"Exito"
"2015-2016";"82.46";"Derecho";"Hombres";"Exito"
"2022-2023";"82.84";"Total Ciencias";"Hombres";"Exito"
"2021-2022";"82.0";"Total Ciencias";"Hombres";"Exito"
"2020-2021";"79.77";"Total Ciencias";"Hombres";"Exito"
"2019-2020";"87.32";"Total Ciencias";"Hombres";"Exito"
"2018-2019";"83.72";"Total Ciencias";"Hombres";"Exito"
"2017-2018";"84.27";"Total Ciencias";"Hombres";"Exito"
"2016-2017";"78.03";"Total Ciencias";"Hombres";"Exito"
"2015-2016";"82.62";"Total Ciencias";"Hombres";"Exito"
"2022-2023";"85.08";"Ciencias de la vida";"Hombres";"Exito"
"2021-2022";"85.17";"Ciencias de la vida";"Hombres";"Exito"
"2020-2021";"81.43";"Ciencias de la vida";"Hombres";"Exito"
"2019-2020";"89.49";"Ciencias de la vida";"Hombres";"Exito"
"2018-2019";"86.46";"Ciencias de la vida";"Hombres";"Exito"
"2017-2018";"86.1";"Ciencias de la vida";"Hombres";"Exito"
"2016-2017";"83.65";"Ciencias de la vida";"Hombres";"Exito"
"2015-2016";"84.55";"Ciencias de la vida";"Hombres";"Exito"
"2022-2023";"80.46";"Ciencias Físicas, químicas, geológicas";"Hombres";"Exito"
"2021-2022";"78.67";"Ciencias Físicas, químicas, geológicas";"Hombres";"Exito"
"2020-2021";"77.96";"Ciencias Físicas, químicas, geológicas";"Hombres";"Exito"
"2019-2020";"84.7";"Ciencias Físicas, químicas, geológicas";"Hombres";"Exito"
"2018-2019";"79.72";"Ciencias Físicas, químicas, geológicas";"Hombres";"Exito"
"2017-2018";"81.0";"Ciencias Físicas, químicas, geológicas";"Hombres";"Exito"
"2016-2017";"68.16";"Ciencias Físicas, químicas, geológicas";"Hombres";"Exito"
"2015-2016";"79.08";"Ciencias Físicas, químicas, geológicas";"Hombres";"Exito"
"2022-2023";"..";"Matemáticas y Estadística";"Hombres";"Exito"
"2021-2022";"..";"Matemáticas y Estadística";"Hombres";"Exito"
"2020-2021";"..";"Matemáticas y Estadística";"Hombres";"Exito"
"2019-2020";"..";"Matemáticas y Estadística";"Hombres";"Exito"
"2018-2019";"..";"Matemáticas y Estadística";"Hombres";"Exito"
"2017-2018";"..";"Matemáticas y Estadística";"Hombres";"Exito"
"2016-2017";"..";"Matemáticas y Estadística";"Hombres";"Exito"
"2015-2016";"..";"Matemáticas y Estadística";"Hombres";"Exito"
"2022-2023";"83.16";"Total Informática";"Hombres";"Exito"
"2021-2022";"81.95";"Total Informática";"Hombres";"Exito"
"2020-2021";"80.17";"Total Informática";"Hombres";"Exito"
"2019-2020";"84.39";"Total Informática";"Hombres";"Exito"
"2018-2019";"81.38";"Total Informática";"Hombres";"Exito"
"2017-2018";"81.31";"Total Informática";"Hombres";"Exito"
"2016-2017";"77.77";"Total Informática";"Hombres";"Exito"
"2015-2016";"80.45";"Total Informática";"Hombres";"Exito"
"2022-2023";"83.16";"Informática";"Hombres";"Exito"
"2021-2022";"81.95";"Informática";"Hombres";"Exito"
"2020-2021";"80.17";"Informática";"Hombres";"Exito"
"2019-2020";"84.39";"Informática";"Hombres";"Exito"
"2018-2019";"81.38";"Informática";"Hombres";"Exito"
"2017-2018";"81.31";"Informática";"Hombres";"Exito"
"2016-2017";"77.77";"Informática";"Hombres";"Exito"
"2015-2016";"80.45";"Informática";"Hombres";"Exito"
"2022-2023";"73.47";"Total Ingeniería, industria y construcción";"Hombres";"Exito"
"2021-2022";"75.16";"Total Ingeniería, industria y construcción";"Hombres";"Exito"
"2020-2021";"74.9";"Total Ingeniería, industria y construcción";"Hombres";"Exito"
"2019-2020";"79.19";"Total Ingeniería, industria y construcción";"Hombres";"Exito"
"2018-2019";"79.71";"Total Ingeniería, industria y construcción";"Hombres";"Exito"
"2017-2018";"79.66";"Total Ingeniería, industria y construcción";"Hombres";"Exito"
"2016-2017";"75.13";"Total Ingeniería, industria y construcción";"Hombres";"Exito"
"2015-2016";"80.54";"Total Ingeniería, industria y construcción";"Hombres";"Exito"
"2022-2023";"72.21";"Ingenierías";"Hombres";"Exito"
"2021-2022";"73.88";"Ingenierías";"Hombres";"Exito"
"2020-2021";"73.76";"Ingenierías";"Hombres";"Exito"
"2019-2020";"78.31";"Ingenierías";"Hombres";"Exito"
"2018-2019";"78.77";"Ingenierías";"Hombres";"Exito"
"2017-2018";"78.92";"Ingenierías";"Hombres";"Exito"
"2016-2017";"74.16";"Ingenierías";"Hombres";"Exito"
"2015-2016";"79.36";"Ingenierías";"Hombres";"Exito"
"2022-2023";"81.31";"Arquitectura y construcción";"Hombres";"Exito"
"2021-2022";"84.18";"Arquitectura y construcción";"Hombres";"Exito"
"2020-2021";"83.22";"Arquitectura y construcción";"Hombres";"Exito"
"2019-2020";"87.23";"Arquitectura y construcción";"Hombres";"Exito"
"2018-2019";"88.99";"Arquitectura y construcción";"Hombres";"Exito"
"2017-2018";"87.42";"Arquitectura y construcción";"Hombres";"Exito"
"2016-2017";"82.47";"Arquitectura y construcción";"Hombres";"Exito"
"2015-2016";"87.7";"Arquitectura y construcción";"Hombres";"Exito"
"2022-2023";"78.87";"Total Agricultura, ganadería,  silvicultura, pesca, y veterinaria";"Hombres";"Exito"
"2021-2022";"81.61";"Total Agricultura, ganadería,  silvicultura, pesca, y veterinaria";"Hombres";"Exito"
"2020-2021";"79.14";"Total Agricultura, ganadería,  silvicultura, pesca, y veterinaria";"Hombres";"Exito"
"2019-2020";"87.38";"Total Agricultura, ganadería,  silvicultura, pesca, y veterinaria";"Hombres";"Exito"
"2018-2019";"83.78";"Total Agricultura, ganadería,  silvicultura, pesca, y veterinaria";"Hombres";"Exito"
"2017-2018";"80.71";"Total Agricultura, ganadería,  silvicultura, pesca, y veterinaria";"Hombres";"Exito"
"2016-2017";"75.88";"Total Agricultura, ganadería,  silvicultura, pesca, y veterinaria";"Hombres";"Exito"
"2015-2016";"80.66";"Total Agricultura, ganadería,  silvicultura, pesca, y veterinaria";"Hombres";"Exito"
"2022-2023";"76.88";"Agricultura, ganadería y pesca";"Hombres";"Exito"
"2021-2022";"77.18";"Agricultura, ganadería y pesca";"Hombres";"Exito"
"2020-2021";"74.85";"Agricultura, ganadería y pesca";"Hombres";"Exito"
"2019-2020";"83.02";"Agricultura, ganadería y pesca";"Hombres";"Exito"
"2018-2019";"79.41";"Agricultura, ganadería y pesca";"Hombres";"Exito"
"2017-2018";"75.42";"Agricultura, ganadería y pesca";"Hombres";"Exito"
"2016-2017";"72.0";"Agricultura, ganadería y pesca";"Hombres";"Exito"
"2015-2016";"77.56";"Agricultura, ganadería y pesca";"Hombres";"Exito"
"2022-2023";"82.82";"Veterinaria";"Hombres";"Exito"
"2021-2022";"89.34";"Veterinaria";"Hombres";"Exito"
"2020-2021";"86.25";"Veterinaria";"Hombres";"Exito"
"2019-2020";"93.21";"Veterinaria";"Hombres";"Exito"
"2018-2019";"89.79";"Veterinaria";"Hombres";"Exito"
"2017-2018";"88.15";"Veterinaria";"Hombres";"Exito"
"2016-2017";"81.71";"Veterinaria";"Hombres";"Exito"
"2015-2016";"85.21";"Veterinaria";"Hombres";"Exito"
"2022-2023";"95.78";"Total Salud y servicios sociales";"Hombres";"Exito"
"2021-2022";"95.67";"Total Salud y servicios sociales";"Hombres";"Exito"
"2020-2021";"95.41";"Total Salud y servicios sociales";"Hombres";"Exito"
"2019-2020";"97.01";"Total Salud y servicios sociales";"Hombres";"Exito"
"2018-2019";"95.91";"Total Salud y servicios sociales";"Hombres";"Exito"
"2017-2018";"95.23";"Total Salud y servicios sociales";"Hombres";"Exito"
"2016-2017";"94.96";"Total Salud y servicios sociales";"Hombres";"Exito"
"2015-2016";"95.46";"Total Salud y servicios sociales";"Hombres";"Exito"
"2022-2023";"95.1";"Medicina";"Hombres";"Exito"
"2021-2022";"94.94";"Medicina";"Hombres";"Exito"
"2020-2021";"94.91";"Medicina";"Hombres";"Exito"
"2019-2020";"97.1";"Medicina";"Hombres";"Exito"
"2018-2019";"95.07";"Medicina";"Hombres";"Exito"
"2017-2018";"94.47";"Medicina";"Hombres";"Exito"
"2016-2017";"94.59";"Medicina";"Hombres";"Exito"
"2015-2016";"94.83";"Medicina";"Hombres";"Exito"
"2022-2023";"96.52";"Enfermería y atención a enfermos";"Hombres";"Exito"
"2021-2022";"97.67";"Enfermería y atención a enfermos";"Hombres";"Exito"
"2020-2021";"95.97";"Enfermería y atención a enfermos";"Hombres";"Exito"
"2019-2020";"96.54";"Enfermería y atención a enfermos";"Hombres";"Exito"
"2018-2019";"96.71";"Enfermería y atención a enfermos";"Hombres";"Exito"
"2017-2018";"96.89";"Enfermería y atención a enfermos";"Hombres";"Exito"
"2016-2017";"98.22";"Enfermería y atención a enfermos";"Hombres";"Exito"
"2015-2016";"97.11";"Enfermería y atención a enfermos";"Hombres";"Exito"
"2022-2023";"96.82";"Otras ciencias de la Salud";"Hombres";"Exito"
"2021-2022";"95.53";"Otras ciencias de la Salud";"Hombres";"Exito"
"2020-2021";"96.35";"Otras ciencias de la Salud";"Hombres";"Exito"
"2019-2020";"97.26";"Otras ciencias de la Salud";"Hombres";"Exito"
"2018-2019";"97.98";"Otras ciencias de la Salud";"Hombres";"Exito"
"2017-2018";"97.04";"Otras ciencias de la Salud";"Hombres";"Exito"
"2016-2017";"89.99";"Otras ciencias de la Salud";"Hombres";"Exito"
"2015-2016";"..";"Otras ciencias de la Salud";"Hombres";"Exito"
"2022-2023";"..";"Trabajo social y orientación";"Hombres";"Exito"
"2021-2022";"..";"Trabajo social y orientación";"Hombres";"Exito"
"2020-2021";"..";"Trabajo social y orientación";"Hombres";"Exito"
"2019-2020";"..";"Trabajo social y orientación";"Hombres";"Exito"
"2018-2019";"..";"Trabajo social y orientación";"Hombres";"Exito"
"2017-2018";"..";"Trabajo social y orientación";"Hombres";"Exito"
"2016-2017";"..";"Trabajo social y orientación";"Hombres";"Exito"
"2015-2016";"..";"Trabajo social y orientación";"Hombres";"Exito"
"2022-2023";"86.44";"Total Servicios";"Hombres";"Exito"
"2021-2022";"85.69";"Total Servicios";"Hombres";"Exito"
"2020-2021";"85.72";"Total Servicios";"Hombres";"Exito"
"2019-2020";"86.86";"Total Servicios";"Hombres";"Exito"
"2018-2019";"83.47";"Total Servicios";"Hombres";"Exito"
"2017-2018";"80.68";"Total Servicios";"Hombres";"Exito"
"2016-2017";"81.75";"Total Servicios";"Hombres";"Exito"
"2015-2016";"80.92";"Total Servicios";"Hombres";"Exito"
"2022-2023";"..";"Deportes";"Hombres";"Exito"
"2021-2022";"..";"Deportes";"Hombres";"Exito"
"2020-2021";"..";"Deportes";"Hombres";"Exito"
"2019-2020";"..";"Deportes";"Hombres";"Exito"
"2018-2019";"..";"Deportes";"Hombres";"Exito"
"2017-2018";"..";"Deportes";"Hombres";"Exito"
"2016-2017";"..";"Deportes";"Hombres";"Exito"
"2015-2016";"..";"Deportes";"Hombres";"Exito"
"2022-2023";"86.44";"Turismo y Hostelería";"Hombres";"Exito"
"2021-2022";"85.69";"Turismo y Hostelería";"Hombres";"Exito"
"2020-2021";"85.72";"Turismo y Hostelería";"Hombres";"Exito"
"2019-2020";"86.86";"Turismo y Hostelería";"Hombres";"Exito"
"2018-2019";"83.47";"Turismo y Hostelería";"Hombres";"Exito"
"2017-2018";"80.68";"Turismo y Hostelería";"Hombres";"Exito"
"2016-2017";"81.75";"Turismo y Hostelería";"Hombres";"Exito"
"2015-2016";"80.92";"Turismo y Hostelería";"Hombres";"Exito"
"2022-2023";"..";"Otros Servicios";"Hombres";"Exito"
"2021-2022";"..";"Otros Servicios";"Hombres";"Exito"
"2020-2021";"..";"Otros Servicios";"Hombres";"Exito"
"2019-2020";"..";"Otros Servicios";"Hombres";"Exito"
"2018-2019";"..";"Otros Servicios";"Hombres";"Exito"
"2017-2018";"..";"Otros Servicios";"Hombres";"Exito"
"2016-2017";"..";"Otros Servicios";"Hombres";"Exito"
"2015-2016";"..";"Otros Servicios";"Hombres";"Exito"
"2022-2023";"???";"Córdoba";"Hombres";"Evaluacion"
"2021-2022";"???";"Córdoba";"Hombres";"Evaluacion"
"2020-2021";"???";"Córdoba";"Hombres";"Evaluacion"
"2019-2020";"???";"Córdoba";"Hombres";"Evaluacion"
"2018-2019";"???";"Córdoba";"Hombres";"Evaluacion"
"2017-2018";"???";"Córdoba";"Hombres";"Evaluacion"
"2016-2017";"???";"Córdoba";"Hombres";"Evaluacion"
"2015-2016";"???";"Córdoba";"Hombres";"Evaluacion"
"2022-2023";"85.58";"Todos los ámbitos";"Hombres";"Evaluacion"
"2021-2022";"81.42";"Todos los ámbitos";"Hombres";"Evaluacion"
"2020-2021";"81.95";"Todos los ámbitos";"Hombres";"Evaluacion"
"2019-2020";"84.63";"Todos los ámbitos";"Hombres";"Evaluacion"
"2018-2019";"83.21";"Todos los ámbitos";"Hombres";"Evaluacion"
"2017-2018";"83.16";"Todos los ámbitos";"Hombres";"Evaluacion"
"2016-2017";"88.34";"Todos los ámbitos";"Hombres";"Evaluacion"
"2015-2016";"82.64";"Todos los ámbitos";"Hombres";"Evaluacion"
"2022-2023";"95.18";"Total Educación";"Hombres";"Evaluacion"
"2021-2022";"93.02";"Total Educación";"Hombres";"Evaluacion"
"2020-2021";"94.46";"Total Educación";"Hombres";"Evaluacion"
"2019-2020";"94.85";"Total Educación";"Hombres";"Evaluacion"
"2018-2019";"93.41";"Total Educación";"Hombres";"Evaluacion"
"2017-2018";"93.65";"Total Educación";"Hombres";"Evaluacion"
"2016-2017";"95.16";"Total Educación";"Hombres";"Evaluacion"
"2015-2016";"93.23";"Total Educación";"Hombres";"Evaluacion"
"2022-2023";"95.49";"Formación de docentes de enseñanza infantil";"Hombres";"Evaluacion"
"2021-2022";"89.3";"Formación de docentes de enseñanza infantil";"Hombres";"Evaluacion"
"2020-2021";"95.44";"Formación de docentes de enseñanza infantil";"Hombres";"Evaluacion"
"2019-2020";"97.97";"Formación de docentes de enseñanza infantil";"Hombres";"Evaluacion"
"2018-2019";"94.79";"Formación de docentes de enseñanza infantil";"Hombres";"Evaluacion"
"2017-2018";"94.34";"Formación de docentes de enseñanza infantil";"Hombres";"Evaluacion"
"2016-2017";"94.43";"Formación de docentes de enseñanza infantil";"Hombres";"Evaluacion"
"2015-2016";"90.01";"Formación de docentes de enseñanza infantil";"Hombres";"Evaluacion"
"2022-2023";"95.1";"Formación de docentes de enseñanza primaria";"Hombres";"Evaluacion"
"2021-2022";"93.25";"Formación de docentes de enseñanza primaria";"Hombres";"Evaluacion"
"2020-2021";"94.07";"Formación de docentes de enseñanza primaria";"Hombres";"Evaluacion"
"2019-2020";"94.62";"Formación de docentes de enseñanza primaria";"Hombres";"Evaluacion"
"2018-2019";"92.98";"Formación de docentes de enseñanza primaria";"Hombres";"Evaluacion"
"2017-2018";"93.37";"Formación de docentes de enseñanza primaria";"Hombres";"Evaluacion"
"2016-2017";"95.1";"Formación de docentes de enseñanza primaria";"Hombres";"Evaluacion"
"2015-2016";"93.6";"Formación de docentes de enseñanza primaria";"Hombres";"Evaluacion"
"2022-2023";"96.02";"Otra Formación de personal docente y ciencias de la educación";"Hombres";"Evaluacion"
"2021-2022";"96.83";"Otra Formación de personal docente y ciencias de la educación";"Hombres";"Evaluacion"
"2020-2021";"98.19";"Otra Formación de personal docente y ciencias de la educación";"Hombres";"Evaluacion"
"2019-2020";"93.4";"Otra Formación de personal docente y ciencias de la educación";"Hombres";"Evaluacion"
"2018-2019";"96.94";"Otra Formación de personal docente y ciencias de la educación";"Hombres";"Evaluacion"
"2017-2018";"96.4";"Otra Formación de personal docente y ciencias de la educación";"Hombres";"Evaluacion"
"2016-2017";"97.28";"Otra Formación de personal docente y ciencias de la educación";"Hombres";"Evaluacion"
"2015-2016";"92.91";"Otra Formación de personal docente y ciencias de la educación";"Hombres";"Evaluacion"
"2022-2023";"83.63";"Total Artes y humanidades";"Hombres";"Evaluacion"
"2021-2022";"82.66";"Total Artes y humanidades";"Hombres";"Evaluacion"
"2020-2021";"82.0";"Total Artes y humanidades";"Hombres";"Evaluacion"
"2019-2020";"84.1";"Total Artes y humanidades";"Hombres";"Evaluacion"
"2018-2019";"85.31";"Total Artes y humanidades";"Hombres";"Evaluacion"
"2017-2018";"84.92";"Total Artes y humanidades";"Hombres";"Evaluacion"
"2016-2017";"89.16";"Total Artes y humanidades";"Hombres";"Evaluacion"
"2015-2016";"85.41";"Total Artes y humanidades";"Hombres";"Evaluacion"
"2022-2023";"81.88";"Técnicas audiovisuales y medios de comunicación";"Hombres";"Evaluacion"
"2021-2022";"81.4";"Técnicas audiovisuales y medios de comunicación";"Hombres";"Evaluacion"
"2020-2021";"78.37";"Técnicas audiovisuales y medios de comunicación";"Hombres";"Evaluacion"
"2019-2020";"77.84";"Técnicas audiovisuales y medios de comunicación";"Hombres";"Evaluacion"
"2018-2019";"89.19";"Técnicas audiovisuales y medios de comunicación";"Hombres";"Evaluacion"
"2017-2018";"81.88";"Técnicas audiovisuales y medios de comunicación";"Hombres";"Evaluacion"
"2016-2017";"..";"Técnicas audiovisuales y medios de comunicación";"Hombres";"Evaluacion"
"2015-2016";"..";"Técnicas audiovisuales y medios de comunicación";"Hombres";"Evaluacion"
"2022-2023";"78.57";"Artes";"Hombres";"Evaluacion"
"2021-2022";"83.56";"Artes";"Hombres";"Evaluacion"
"2020-2021";"81.08";"Artes";"Hombres";"Evaluacion"
"2019-2020";"79.45";"Artes";"Hombres";"Evaluacion"
"2018-2019";"78.98";"Artes";"Hombres";"Evaluacion"
"2017-2018";"85.05";"Artes";"Hombres";"Evaluacion"
"2016-2017";"91.22";"Artes";"Hombres";"Evaluacion"
"2015-2016";"81.69";"Artes";"Hombres";"Evaluacion"
"2022-2023";"87.86";"Lenguas";"Hombres";"Evaluacion"
"2021-2022";"83.53";"Lenguas";"Hombres";"Evaluacion"
"2020-2021";"82.21";"Lenguas";"Hombres";"Evaluacion"
"2019-2020";"83.05";"Lenguas";"Hombres";"Evaluacion"
"2018-2019";"85.58";"Lenguas";"Hombres";"Evaluacion"
"2017-2018";"86.39";"Lenguas";"Hombres";"Evaluacion"
"2016-2017";"88.03";"Lenguas";"Hombres";"Evaluacion"
"2015-2016";"86.46";"Lenguas";"Hombres";"Evaluacion"
"2022-2023";"81.4";"Humanidades";"Hombres";"Evaluacion"
"2021-2022";"82.39";"Humanidades";"Hombres";"Evaluacion"
"2020-2021";"83.63";"Humanidades";"Hombres";"Evaluacion"
"2019-2020";"88.27";"Humanidades";"Hombres";"Evaluacion"
"2018-2019";"85.42";"Humanidades";"Hombres";"Evaluacion"
"2017-2018";"83.8";"Humanidades";"Hombres";"Evaluacion"
"2016-2017";"89.86";"Humanidades";"Hombres";"Evaluacion"
"2015-2016";"85.36";"Humanidades";"Hombres";"Evaluacion"
"2022-2023";"86.81";"Total Ciencias sociales, periodismo y documentación";"Hombres";"Evaluacion"
"2021-2022";"88.49";"Total Ciencias sociales, periodismo y documentación";"Hombres";"Evaluacion"
"2020-2021";"88.68";"Total Ciencias sociales, periodismo y documentación";"Hombres";"Evaluacion"
"2019-2020";"89.51";"Total Ciencias sociales, periodismo y documentación";"Hombres";"Evaluacion"
"2018-2019";"86.51";"Total Ciencias sociales, periodismo y documentación";"Hombres";"Evaluacion"
"2017-2018";"82.1";"Total Ciencias sociales, periodismo y documentación";"Hombres";"Evaluacion"
"2016-2017";"98.18";"Total Ciencias sociales, periodismo y documentación";"Hombres";"Evaluacion"
"2015-2016";"83.64";"Total Ciencias sociales, periodismo y documentación";"Hombres";"Evaluacion"
"2022-2023";"92.37";"Psicología";"Hombres";"Evaluacion"
"2021-2022";"95.5";"Psicología";"Hombres";"Evaluacion"
"2020-2021";"97.8";"Psicología";"Hombres";"Evaluacion"
"2019-2020";"95.79";"Psicología";"Hombres";"Evaluacion"
"2018-2019";"..";"Psicología";"Hombres";"Evaluacion"
"2017-2018";"..";"Psicología";"Hombres";"Evaluacion"
"2016-2017";"..";"Psicología";"Hombres";"Evaluacion"
"2015-2016";"..";"Psicología";"Hombres";"Evaluacion"
"2022-2023";"..";"Economía";"Hombres";"Evaluacion"
"2021-2022";"..";"Economía";"Hombres";"Evaluacion"
"2020-2021";"..";"Economía";"Hombres";"Evaluacion"
"2019-2020";"..";"Economía";"Hombres";"Evaluacion"
"2018-2019";"..";"Economía";"Hombres";"Evaluacion"
"2017-2018";"..";"Economía";"Hombres";"Evaluacion"
"2016-2017";"..";"Economía";"Hombres";"Evaluacion"
"2015-2016";"..";"Economía";"Hombres";"Evaluacion"
"2022-2023";"..";"Otras Ciencias sociales y del comportamiento";"Hombres";"Evaluacion"
"2021-2022";"74.12";"Otras Ciencias sociales y del comportamiento";"Hombres";"Evaluacion"
"2020-2021";"78.46";"Otras Ciencias sociales y del comportamiento";"Hombres";"Evaluacion"
"2019-2020";"84.94";"Otras Ciencias sociales y del comportamiento";"Hombres";"Evaluacion"
"2018-2019";"84.38";"Otras Ciencias sociales y del comportamiento";"Hombres";"Evaluacion"
"2017-2018";"82.1";"Otras Ciencias sociales y del comportamiento";"Hombres";"Evaluacion"
"2016-2017";"98.18";"Otras Ciencias sociales y del comportamiento";"Hombres";"Evaluacion"
"2015-2016";"83.64";"Otras Ciencias sociales y del comportamiento";"Hombres";"Evaluacion"
"2022-2023";"..";"Periodismo e información";"Hombres";"Evaluacion"
"2021-2022";"..";"Periodismo e información";"Hombres";"Evaluacion"
"2020-2021";"..";"Periodismo e información";"Hombres";"Evaluacion"
"2019-2020";"..";"Periodismo e información";"Hombres";"Evaluacion"
"2018-2019";"..";"Periodismo e información";"Hombres";"Evaluacion"
"2017-2018";"..";"Periodismo e información";"Hombres";"Evaluacion"
"2016-2017";"..";"Periodismo e información";"Hombres";"Evaluacion"
"2015-2016";"..";"Periodismo e información";"Hombres";"Evaluacion"
"2022-2023";"83.67";"Total Negocios, administración y derecho";"Hombres";"Evaluacion"
"2021-2022";"79.9";"Total Negocios, administración y derecho";"Hombres";"Evaluacion"
"2020-2021";"81.45";"Total Negocios, administración y derecho";"Hombres";"Evaluacion"
"2019-2020";"83.87";"Total Negocios, administración y derecho";"Hombres";"Evaluacion"
"2018-2019";"83.02";"Total Negocios, administración y derecho";"Hombres";"Evaluacion"
"2017-2018";"81.81";"Total Negocios, administración y derecho";"Hombres";"Evaluacion"
"2016-2017";"88.64";"Total Negocios, administración y derecho";"Hombres";"Evaluacion"
"2015-2016";"82.73";"Total Negocios, administración y derecho";"Hombres";"Evaluacion"
"2022-2023";"85.77";"Administración y gestión de empresas";"Hombres";"Evaluacion"
"2021-2022";"83.25";"Administración y gestión de empresas";"Hombres";"Evaluacion"
"2020-2021";"84.18";"Administración y gestión de empresas";"Hombres";"Evaluacion"
"2019-2020";"84.36";"Administración y gestión de empresas";"Hombres";"Evaluacion"
"2018-2019";"84.4";"Administración y gestión de empresas";"Hombres";"Evaluacion"
"2017-2018";"84.56";"Administración y gestión de empresas";"Hombres";"Evaluacion"
"2016-2017";"89.12";"Administración y gestión de empresas";"Hombres";"Evaluacion"
"2015-2016";"83.74";"Administración y gestión de empresas";"Hombres";"Evaluacion"
"2022-2023";"..";"Otra Educación comercial y empresarial";"Hombres";"Evaluacion"
"2021-2022";"..";"Otra Educación comercial y empresarial";"Hombres";"Evaluacion"
"2020-2021";"..";"Otra Educación comercial y empresarial";"Hombres";"Evaluacion"
"2019-2020";"..";"Otra Educación comercial y empresarial";"Hombres";"Evaluacion"
"2018-2019";"..";"Otra Educación comercial y empresarial";"Hombres";"Evaluacion"
"2017-2018";"..";"Otra Educación comercial y empresarial";"Hombres";"Evaluacion"
"2016-2017";"..";"Otra Educación comercial y empresarial";"Hombres";"Evaluacion"
"2015-2016";"..";"Otra Educación comercial y empresarial";"Hombres";"Evaluacion"
"2022-2023";"82.29";"Derecho";"Hombres";"Evaluacion"
"2021-2022";"77.64";"Derecho";"Hombres";"Evaluacion"
"2020-2021";"79.6";"Derecho";"Hombres";"Evaluacion"
"2019-2020";"83.55";"Derecho";"Hombres";"Evaluacion"
"2018-2019";"82.09";"Derecho";"Hombres";"Evaluacion"
"2017-2018";"79.91";"Derecho";"Hombres";"Evaluacion"
"2016-2017";"88.26";"Derecho";"Hombres";"Evaluacion"
"2015-2016";"81.92";"Derecho";"Hombres";"Evaluacion"
"2022-2023";"87.75";"Total Ciencias";"Hombres";"Evaluacion"
"2021-2022";"82.56";"Total Ciencias";"Hombres";"Evaluacion"
"2020-2021";"82.58";"Total Ciencias";"Hombres";"Evaluacion"
"2019-2020";"85.73";"Total Ciencias";"Hombres";"Evaluacion"
"2018-2019";"83.47";"Total Ciencias";"Hombres";"Evaluacion"
"2017-2018";"84.41";"Total Ciencias";"Hombres";"Evaluacion"
"2016-2017";"86.86";"Total Ciencias";"Hombres";"Evaluacion"
"2015-2016";"82.57";"Total Ciencias";"Hombres";"Evaluacion"
"2022-2023";"88.09";"Ciencias de la vida";"Hombres";"Evaluacion"
"2021-2022";"83.98";"Ciencias de la vida";"Hombres";"Evaluacion"
"2020-2021";"85.86";"Ciencias de la vida";"Hombres";"Evaluacion"
"2019-2020";"89.07";"Ciencias de la vida";"Hombres";"Evaluacion"
"2018-2019";"88.08";"Ciencias de la vida";"Hombres";"Evaluacion"
"2017-2018";"90.26";"Ciencias de la vida";"Hombres";"Evaluacion"
"2016-2017";"90.91";"Ciencias de la vida";"Hombres";"Evaluacion"
"2015-2016";"86.22";"Ciencias de la vida";"Hombres";"Evaluacion"
"2022-2023";"87.38";"Ciencias Físicas, químicas, geológicas";"Hombres";"Evaluacion"
"2021-2022";"81.13";"Ciencias Físicas, químicas, geológicas";"Hombres";"Evaluacion"
"2020-2021";"79.27";"Ciencias Físicas, químicas, geológicas";"Hombres";"Evaluacion"
"2019-2020";"82.01";"Ciencias Físicas, químicas, geológicas";"Hombres";"Evaluacion"
"2018-2019";"77.53";"Ciencias Físicas, químicas, geológicas";"Hombres";"Evaluacion"
"2017-2018";"75.68";"Ciencias Físicas, químicas, geológicas";"Hombres";"Evaluacion"
"2016-2017";"80.56";"Ciencias Físicas, químicas, geológicas";"Hombres";"Evaluacion"
"2015-2016";"76.62";"Ciencias Físicas, químicas, geológicas";"Hombres";"Evaluacion"
"2022-2023";"..";"Matemáticas y Estadística";"Hombres";"Evaluacion"
"2021-2022";"..";"Matemáticas y Estadística";"Hombres";"Evaluacion"
"2020-2021";"..";"Matemáticas y Estadística";"Hombres";"Evaluacion"
"2019-2020";"..";"Matemáticas y Estadística";"Hombres";"Evaluacion"
"2018-2019";"..";"Matemáticas y Estadística";"Hombres";"Evaluacion"
"2017-2018";"..";"Matemáticas y Estadística";"Hombres";"Evaluacion"
"2016-2017";"..";"Matemáticas y Estadística";"Hombres";"Evaluacion"
"2015-2016";"..";"Matemáticas y Estadística";"Hombres";"Evaluacion"
"2022-2023";"85.89";"Total Informática";"Hombres";"Evaluacion"
"2021-2022";"77.67";"Total Informática";"Hombres";"Evaluacion"
"2020-2021";"78.95";"Total Informática";"Hombres";"Evaluacion"
"2019-2020";"81.05";"Total Informática";"Hombres";"Evaluacion"
"2018-2019";"81.06";"Total Informática";"Hombres";"Evaluacion"
"2017-2018";"81.74";"Total Informática";"Hombres";"Evaluacion"
"2016-2017";"85.42";"Total Informática";"Hombres";"Evaluacion"
"2015-2016";"77.51";"Total Informática";"Hombres";"Evaluacion"
"2022-2023";"85.89";"Informática";"Hombres";"Evaluacion"
"2021-2022";"77.67";"Informática";"Hombres";"Evaluacion"
"2020-2021";"78.95";"Informática";"Hombres";"Evaluacion"
"2019-2020";"81.05";"Informática";"Hombres";"Evaluacion"
"2018-2019";"81.06";"Informática";"Hombres";"Evaluacion"
"2017-2018";"81.74";"Informática";"Hombres";"Evaluacion"
"2016-2017";"85.42";"Informática";"Hombres";"Evaluacion"
"2015-2016";"77.51";"Informática";"Hombres";"Evaluacion"
"2022-2023";"76.61";"Total Ingeniería, industria y construcción";"Hombres";"Evaluacion"
"2021-2022";"70.47";"Total Ingeniería, industria y construcción";"Hombres";"Evaluacion"
"2020-2021";"68.94";"Total Ingeniería, industria y construcción";"Hombres";"Evaluacion"
"2019-2020";"73.51";"Total Ingeniería, industria y construcción";"Hombres";"Evaluacion"
"2018-2019";"74.21";"Total Ingeniería, industria y construcción";"Hombres";"Evaluacion"
"2017-2018";"74.28";"Total Ingeniería, industria y construcción";"Hombres";"Evaluacion"
"2016-2017";"82.24";"Total Ingeniería, industria y construcción";"Hombres";"Evaluacion"
"2015-2016";"74.46";"Total Ingeniería, industria y construcción";"Hombres";"Evaluacion"
"2022-2023";"76.96";"Ingenierías";"Hombres";"Evaluacion"
"2021-2022";"70.61";"Ingenierías";"Hombres";"Evaluacion"
"2020-2021";"69.12";"Ingenierías";"Hombres";"Evaluacion"
"2019-2020";"73.63";"Ingenierías";"Hombres";"Evaluacion"
"2018-2019";"74.34";"Ingenierías";"Hombres";"Evaluacion"
"2017-2018";"74.45";"Ingenierías";"Hombres";"Evaluacion"
"2016-2017";"82.53";"Ingenierías";"Hombres";"Evaluacion"
"2015-2016";"73.82";"Ingenierías";"Hombres";"Evaluacion"
"2022-2023";"74.54";"Arquitectura y construcción";"Hombres";"Evaluacion"
"2021-2022";"69.5";"Arquitectura y construcción";"Hombres";"Evaluacion"
"2020-2021";"67.63";"Arquitectura y construcción";"Hombres";"Evaluacion"
"2019-2020";"72.42";"Arquitectura y construcción";"Hombres";"Evaluacion"
"2018-2019";"72.96";"Arquitectura y construcción";"Hombres";"Evaluacion"
"2017-2018";"72.55";"Arquitectura y construcción";"Hombres";"Evaluacion"
"2016-2017";"80.12";"Arquitectura y construcción";"Hombres";"Evaluacion"
"2015-2016";"78.58";"Arquitectura y construcción";"Hombres";"Evaluacion"
"2022-2023";"82.2";"Total Agricultura, ganadería,  silvicultura, pesca, y veterinaria";"Hombres";"Evaluacion"
"2021-2022";"75.01";"Total Agricultura, ganadería,  silvicultura, pesca, y veterinaria";"Hombres";"Evaluacion"
"2020-2021";"77.55";"Total Agricultura, ganadería,  silvicultura, pesca, y veterinaria";"Hombres";"Evaluacion"
"2019-2020";"84.63";"Total Agricultura, ganadería,  silvicultura, pesca, y veterinaria";"Hombres";"Evaluacion"
"2018-2019";"77.22";"Total Agricultura, ganadería,  silvicultura, pesca, y veterinaria";"Hombres";"Evaluacion"
"2017-2018";"77.81";"Total Agricultura, ganadería,  silvicultura, pesca, y veterinaria";"Hombres";"Evaluacion"
"2016-2017";"86.65";"Total Agricultura, ganadería,  silvicultura, pesca, y veterinaria";"Hombres";"Evaluacion"
"2015-2016";"78.32";"Total Agricultura, ganadería,  silvicultura, pesca, y veterinaria";"Hombres";"Evaluacion"
"2022-2023";"79.85";"Agricultura, ganadería y pesca";"Hombres";"Evaluacion"
"2021-2022";"72.16";"Agricultura, ganadería y pesca";"Hombres";"Evaluacion"
"2020-2021";"74.17";"Agricultura, ganadería y pesca";"Hombres";"Evaluacion"
"2019-2020";"78.87";"Agricultura, ganadería y pesca";"Hombres";"Evaluacion"
"2018-2019";"73.07";"Agricultura, ganadería y pesca";"Hombres";"Evaluacion"
"2017-2018";"74.17";"Agricultura, ganadería y pesca";"Hombres";"Evaluacion"
"2016-2017";"84.7";"Agricultura, ganadería y pesca";"Hombres";"Evaluacion"
"2015-2016";"76.49";"Agricultura, ganadería y pesca";"Hombres";"Evaluacion"
"2022-2023";"87.29";"Veterinaria";"Hombres";"Evaluacion"
"2021-2022";"80.54";"Veterinaria";"Hombres";"Evaluacion"
"2020-2021";"83.91";"Veterinaria";"Hombres";"Evaluacion"
"2019-2020";"93.82";"Veterinaria";"Hombres";"Evaluacion"
"2018-2019";"83.75";"Veterinaria";"Hombres";"Evaluacion"
"2017-2018";"83.57";"Veterinaria";"Hombres";"Evaluacion"
"2016-2017";"89.74";"Veterinaria";"Hombres";"Evaluacion"
"2015-2016";"81.18";"Veterinaria";"Hombres";"Evaluacion"
"2022-2023";"94.61";"Total Salud y servicios sociales";"Hombres";"Evaluacion"
"2021-2022";"93.9";"Total Salud y servicios sociales";"Hombres";"Evaluacion"
"2020-2021";"94.76";"Total Salud y servicios sociales";"Hombres";"Evaluacion"
"2019-2020";"94.5";"Total Salud y servicios sociales";"Hombres";"Evaluacion"
"2018-2019";"93.18";"Total Salud y servicios sociales";"Hombres";"Evaluacion"
"2017-2018";"93.58";"Total Salud y servicios sociales";"Hombres";"Evaluacion"
"2016-2017";"95.84";"Total Salud y servicios sociales";"Hombres";"Evaluacion"
"2015-2016";"94.36";"Total Salud y servicios sociales";"Hombres";"Evaluacion"
"2022-2023";"94.24";"Medicina";"Hombres";"Evaluacion"
"2021-2022";"93.32";"Medicina";"Hombres";"Evaluacion"
"2020-2021";"94.6";"Medicina";"Hombres";"Evaluacion"
"2019-2020";"94.63";"Medicina";"Hombres";"Evaluacion"
"2018-2019";"92.3";"Medicina";"Hombres";"Evaluacion"
"2017-2018";"93.26";"Medicina";"Hombres";"Evaluacion"
"2016-2017";"96.09";"Medicina";"Hombres";"Evaluacion"
"2015-2016";"94.73";"Medicina";"Hombres";"Evaluacion"
"2022-2023";"93.24";"Enfermería y atención a enfermos";"Hombres";"Evaluacion"
"2021-2022";"94.09";"Enfermería y atención a enfermos";"Hombres";"Evaluacion"
"2020-2021";"94.04";"Enfermería y atención a enfermos";"Hombres";"Evaluacion"
"2019-2020";"93.06";"Enfermería y atención a enfermos";"Hombres";"Evaluacion"
"2018-2019";"93.25";"Enfermería y atención a enfermos";"Hombres";"Evaluacion"
"2017-2018";"95.7";"Enfermería y atención a enfermos";"Hombres";"Evaluacion"
"2016-2017";"95.85";"Enfermería y atención a enfermos";"Hombres";"Evaluacion"
"2015-2016";"94.91";"Enfermería y atención a enfermos";"Hombres";"Evaluacion"
"2022-2023";"96.58";"Otras ciencias de la Salud";"Hombres";"Evaluacion"
"2021-2022";"95.59";"Otras ciencias de la Salud";"Hombres";"Evaluacion"
"2020-2021";"96.12";"Otras ciencias de la Salud";"Hombres";"Evaluacion"
"2019-2020";"95.75";"Otras ciencias de la Salud";"Hombres";"Evaluacion"
"2018-2019";"96.36";"Otras ciencias de la Salud";"Hombres";"Evaluacion"
"2017-2018";"92.27";"Otras ciencias de la Salud";"Hombres";"Evaluacion"
"2016-2017";"93.37";"Otras ciencias de la Salud";"Hombres";"Evaluacion"
"2015-2016";"..";"Otras ciencias de la Salud";"Hombres";"Evaluacion"
"2022-2023";"..";"Trabajo social y orientación";"Hombres";"Evaluacion"
"2021-2022";"..";"Trabajo social y orientación";"Hombres";"Evaluacion"
"2020-2021";"..";"Trabajo social y orientación";"Hombres";"Evaluacion"
"2019-2020";"..";"Trabajo social y orientación";"Hombres";"Evaluacion"
"2018-2019";"..";"Trabajo social y orientación";"Hombres";"Evaluacion"
"2017-2018";"..";"Trabajo social y orientación";"Hombres";"Evaluacion"
"2016-2017";"..";"Trabajo social y orientación";"Hombres";"Evaluacion"
"2015-2016";"..";"Trabajo social y orientación";"Hombres";"Evaluacion"
"2022-2023";"81.58";"Total Servicios";"Hombres";"Evaluacion"
"2021-2022";"85.05";"Total Servicios";"Hombres";"Evaluacion"
"2020-2021";"81.86";"Total Servicios";"Hombres";"Evaluacion"
"2019-2020";"78.43";"Total Servicios";"Hombres";"Evaluacion"
"2018-2019";"79.95";"Total Servicios";"Hombres";"Evaluacion"
"2017-2018";"81.57";"Total Servicios";"Hombres";"Evaluacion"
"2016-2017";"90.0";"Total Servicios";"Hombres";"Evaluacion"
"2015-2016";"83.02";"Total Servicios";"Hombres";"Evaluacion"
"2022-2023";"..";"Deportes";"Hombres";"Evaluacion"
"2021-2022";"..";"Deportes";"Hombres";"Evaluacion"
"2020-2021";"..";"Deportes";"Hombres";"Evaluacion"
"2019-2020";"..";"Deportes";"Hombres";"Evaluacion"
"2018-2019";"..";"Deportes";"Hombres";"Evaluacion"
"2017-2018";"..";"Deportes";"Hombres";"Evaluacion"
"2016-2017";"..";"Deportes";"Hombres";"Evaluacion"
"2015-2016";"..";"Deportes";"Hombres";"Evaluacion"
"2022-2023";"81.58";"Turismo y Hostelería";"Hombres";"Evaluacion"
"2021-2022";"85.05";"Turismo y Hostelería";"Hombres";"Evaluacion"
"2020-2021";"81.86";"Turismo y Hostelería";"Hombres";"Evaluacion"
"2019-2020";"78.43";"Turismo y Hostelería";"Hombres";"Evaluacion"
"2018-2019";"79.95";"Turismo y Hostelería";"Hombres";"Evaluacion"
"2017-2018";"81.57";"Turismo y Hostelería";"Hombres";"Evaluacion"
"2016-2017";"90.0";"Turismo y Hostelería";"Hombres";"Evaluacion"
"2015-2016";"83.02";"Turismo y Hostelería";"Hombres";"Evaluacion"
"2022-2023";"..";"Otros Servicios";"Hombres";"Evaluacion"
"2021-2022";"..";"Otros Servicios";"Hombres";"Evaluacion"
"2020-2021";"..";"Otros Servicios";"Hombres";"Evaluacion"
"2019-2020";"..";"Otros Servicios";"Hombres";"Evaluacion"
"2018-2019";"..";"Otros Servicios";"Hombres";"Evaluacion"
"2017-2018";"..";"Otros Servicios";"Hombres";"Evaluacion"
"2016-2017";"..";"Otros Servicios";"Hombres";"Evaluacion"
"2015-2016";"..";"Otros Servicios";"Hombres";"Evaluacion"
"2022-2023";"???";"Córdoba";"Mujeres";"Rendimiento"
"2021-2022";"???";"Córdoba";"Mujeres";"Rendimiento"
"2020-2021";"???";"Córdoba";"Mujeres";"Rendimiento"
"2019-2020";"???";"Córdoba";"Mujeres";"Rendimiento"
"2018-2019";"???";"Córdoba";"Mujeres";"Rendimiento"
"2017-2018";"???";"Córdoba";"Mujeres";"Rendimiento"
"2016-2017";"???";"Córdoba";"Mujeres";"Rendimiento"
"2015-2016";"???";"Córdoba";"Mujeres";"Rendimiento"
"2022-2023";"82.17";"Todos los ámbitos";"Mujeres";"Rendimiento"
"2021-2022";"79.64";"Todos los ámbitos";"Mujeres";"Rendimiento"
"2020-2021";"81.01";"Todos los ámbitos";"Mujeres";"Rendimiento"
"2019-2020";"86.55";"Todos los ámbitos";"Mujeres";"Rendimiento"
"2018-2019";"82.4";"Todos los ámbitos";"Mujeres";"Rendimiento"
"2017-2018";"82.22";"Todos los ámbitos";"Mujeres";"Rendimiento"
"2016-2017";"83.4";"Todos los ámbitos";"Mujeres";"Rendimiento"
"2015-2016";"82.24";"Todos los ámbitos";"Mujeres";"Rendimiento"
"2022-2023";"94.76";"Total Educación";"Mujeres";"Rendimiento"
"2021-2022";"92.79";"Total Educación";"Mujeres";"Rendimiento"
"2020-2021";"94.29";"Total Educación";"Mujeres";"Rendimiento"
"2019-2020";"94.82";"Total Educación";"Mujeres";"Rendimiento"
"2018-2019";"93.7";"Total Educación";"Mujeres";"Rendimiento"
"2017-2018";"94.41";"Total Educación";"Mujeres";"Rendimiento"
"2016-2017";"94.27";"Total Educación";"Mujeres";"Rendimiento"
"2015-2016";"94.72";"Total Educación";"Mujeres";"Rendimiento"
"2022-2023";"93.75";"Formación de docentes de enseñanza infantil";"Mujeres";"Rendimiento"
"2021-2022";"91.76";"Formación de docentes de enseñanza infantil";"Mujeres";"Rendimiento"
"2020-2021";"93.56";"Formación de docentes de enseñanza infantil";"Mujeres";"Rendimiento"
"2019-2020";"95.39";"Formación de docentes de enseñanza infantil";"Mujeres";"Rendimiento"
"2018-2019";"94.54";"Formación de docentes de enseñanza infantil";"Mujeres";"Rendimiento"
"2017-2018";"94.99";"Formación de docentes de enseñanza infantil";"Mujeres";"Rendimiento"
"2016-2017";"95.28";"Formación de docentes de enseñanza infantil";"Mujeres";"Rendimiento"
"2015-2016";"95.79";"Formación de docentes de enseñanza infantil";"Mujeres";"Rendimiento"
"2022-2023";"95.5";"Formación de docentes de enseñanza primaria";"Mujeres";"Rendimiento"
"2021-2022";"93.63";"Formación de docentes de enseñanza primaria";"Mujeres";"Rendimiento"
"2020-2021";"94.8";"Formación de docentes de enseñanza primaria";"Mujeres";"Rendimiento"
"2019-2020";"94.47";"Formación de docentes de enseñanza primaria";"Mujeres";"Rendimiento"
"2018-2019";"92.2";"Formación de docentes de enseñanza primaria";"Mujeres";"Rendimiento"
"2017-2018";"93.14";"Formación de docentes de enseñanza primaria";"Mujeres";"Rendimiento"
"2016-2017";"92.86";"Formación de docentes de enseñanza primaria";"Mujeres";"Rendimiento"
"2015-2016";"93.36";"Formación de docentes de enseñanza primaria";"Mujeres";"Rendimiento"
"2022-2023";"95.83";"Otra Formación de personal docente y ciencias de la educación";"Mujeres";"Rendimiento"
"2021-2022";"93.43";"Otra Formación de personal docente y ciencias de la educación";"Mujeres";"Rendimiento"
"2020-2021";"95.17";"Otra Formación de personal docente y ciencias de la educación";"Mujeres";"Rendimiento"
"2019-2020";"93.87";"Otra Formación de personal docente y ciencias de la educación";"Mujeres";"Rendimiento"
"2018-2019";"96.28";"Otra Formación de personal docente y ciencias de la educación";"Mujeres";"Rendimiento"
"2017-2018";"97.24";"Otra Formación de personal docente y ciencias de la educación";"Mujeres";"Rendimiento"
"2016-2017";"95.95";"Otra Formación de personal docente y ciencias de la educación";"Mujeres";"Rendimiento"
"2015-2016";"96.68";"Otra Formación de personal docente y ciencias de la educación";"Mujeres";"Rendimiento"
"2022-2023";"82.33";"Total Artes y humanidades";"Mujeres";"Rendimiento"
"2021-2022";"78.23";"Total Artes y humanidades";"Mujeres";"Rendimiento"
"2020-2021";"80.7";"Total Artes y humanidades";"Mujeres";"Rendimiento"
"2019-2020";"84.32";"Total Artes y humanidades";"Mujeres";"Rendimiento"
"2018-2019";"84.87";"Total Artes y humanidades";"Mujeres";"Rendimiento"
"2017-2018";"83.57";"Total Artes y humanidades";"Mujeres";"Rendimiento"
"2016-2017";"85.19";"Total Artes y humanidades";"Mujeres";"Rendimiento"
"2015-2016";"86.03";"Total Artes y humanidades";"Mujeres";"Rendimiento"
"2022-2023";"74.91";"Técnicas audiovisuales y medios de comunicación";"Mujeres";"Rendimiento"
"2021-2022";"67.05";"Técnicas audiovisuales y medios de comunicación";"Mujeres";"Rendimiento"
"2020-2021";"72.9";"Técnicas audiovisuales y medios de comunicación";"Mujeres";"Rendimiento"
"2019-2020";"70.79";"Técnicas audiovisuales y medios de comunicación";"Mujeres";"Rendimiento"
"2018-2019";"78.03";"Técnicas audiovisuales y medios de comunicación";"Mujeres";"Rendimiento"
"2017-2018";"..";"Técnicas audiovisuales y medios de comunicación";"Mujeres";"Rendimiento"
"2016-2017";"..";"Técnicas audiovisuales y medios de comunicación";"Mujeres";"Rendimiento"
"2015-2016";"..";"Técnicas audiovisuales y medios de comunicación";"Mujeres";"Rendimiento"
"2022-2023";"66.39";"Artes";"Mujeres";"Rendimiento"
"2021-2022";"62.75";"Artes";"Mujeres";"Rendimiento"
"2020-2021";"65.96";"Artes";"Mujeres";"Rendimiento"
"2019-2020";"73.16";"Artes";"Mujeres";"Rendimiento"
"2018-2019";"76.55";"Artes";"Mujeres";"Rendimiento"
"2017-2018";"70.47";"Artes";"Mujeres";"Rendimiento"
"2016-2017";"75.43";"Artes";"Mujeres";"Rendimiento"
"2015-2016";"79.97";"Artes";"Mujeres";"Rendimiento"
"2022-2023";"84.48";"Lenguas";"Mujeres";"Rendimiento"
"2021-2022";"81.68";"Lenguas";"Mujeres";"Rendimiento"
"2020-2021";"83.81";"Lenguas";"Mujeres";"Rendimiento"
"2019-2020";"86.74";"Lenguas";"Mujeres";"Rendimiento"
"2018-2019";"86.69";"Lenguas";"Mujeres";"Rendimiento"
"2017-2018";"86.2";"Lenguas";"Mujeres";"Rendimiento"
"2016-2017";"87.5";"Lenguas";"Mujeres";"Rendimiento"
"2015-2016";"88.56";"Lenguas";"Mujeres";"Rendimiento"
"2022-2023";"84.21";"Humanidades";"Mujeres";"Rendimiento"
"2021-2022";"76.15";"Humanidades";"Mujeres";"Rendimiento"
"2020-2021";"75.59";"Humanidades";"Mujeres";"Rendimiento"
"2019-2020";"84.18";"Humanidades";"Mujeres";"Rendimiento"
"2018-2019";"79.77";"Humanidades";"Mujeres";"Rendimiento"
"2017-2018";"75.96";"Humanidades";"Mujeres";"Rendimiento"
"2016-2017";"76.18";"Humanidades";"Mujeres";"Rendimiento"
"2015-2016";"71.14";"Humanidades";"Mujeres";"Rendimiento"
"2022-2023";"94.11";"Total Ciencias sociales, periodismo y documentación";"Mujeres";"Rendimiento"
"2021-2022";"92.52";"Total Ciencias sociales, periodismo y documentación";"Mujeres";"Rendimiento"
"2020-2021";"91.97";"Total Ciencias sociales, periodismo y documentación";"Mujeres";"Rendimiento"
"2019-2020";"88.88";"Total Ciencias sociales, periodismo y documentación";"Mujeres";"Rendimiento"
"2018-2019";"90.58";"Total Ciencias sociales, periodismo y documentación";"Mujeres";"Rendimiento"
"2017-2018";"84.24";"Total Ciencias sociales, periodismo y documentación";"Mujeres";"Rendimiento"
"2016-2017";"85.64";"Total Ciencias sociales, periodismo y documentación";"Mujeres";"Rendimiento"
"2015-2016";"77.37";"Total Ciencias sociales, periodismo y documentación";"Mujeres";"Rendimiento"
"2022-2023";"95.41";"Psicología";"Mujeres";"Rendimiento"
"2021-2022";"94.27";"Psicología";"Mujeres";"Rendimiento"
"2020-2021";"94.52";"Psicología";"Mujeres";"Rendimiento"
"2019-2020";"94.4";"Psicología";"Mujeres";"Rendimiento"
"2018-2019";"91.37";"Psicología";"Mujeres";"Rendimiento"
"2017-2018";"..";"Psicología";"Mujeres";"Rendimiento"
"2016-2017";"..";"Psicología";"Mujeres";"Rendimiento"
"2015-2016";"..";"Psicología";"Mujeres";"Rendimiento"
"2022-2023";"..";"Economía";"Mujeres";"Rendimiento"
"2021-2022";"..";"Economía";"Mujeres";"Rendimiento"
"2020-2021";"..";"Economía";"Mujeres";"Rendimiento"
"2019-2020";"..";"Economía";"Mujeres";"Rendimiento"
"2018-2019";"..";"Economía";"Mujeres";"Rendimiento"
"2017-2018";"..";"Economía";"Mujeres";"Rendimiento"
"2016-2017";"..";"Economía";"Mujeres";"Rendimiento"
"2015-2016";"..";"Economía";"Mujeres";"Rendimiento"
"2022-2023";"82.75";"Otras Ciencias sociales y del comportamiento";"Mujeres";"Rendimiento"
"2021-2022";"79.24";"Otras Ciencias sociales y del comportamiento";"Mujeres";"Rendimiento"
"2020-2021";"82.16";"Otras Ciencias sociales y del comportamiento";"Mujeres";"Rendimiento"
"2019-2020";"79.13";"Otras Ciencias sociales y del comportamiento";"Mujeres";"Rendimiento"
"2018-2019";"90.01";"Otras Ciencias sociales y del comportamiento";"Mujeres";"Rendimiento"
"2017-2018";"84.24";"Otras Ciencias sociales y del comportamiento";"Mujeres";"Rendimiento"
"2016-2017";"85.64";"Otras Ciencias sociales y del comportamiento";"Mujeres";"Rendimiento"
"2015-2016";"77.37";"Otras Ciencias sociales y del comportamiento";"Mujeres";"Rendimiento"
"2022-2023";"..";"Periodismo e información";"Mujeres";"Rendimiento"
"2021-2022";"..";"Periodismo e información";"Mujeres";"Rendimiento"
"2020-2021";"..";"Periodismo e información";"Mujeres";"Rendimiento"
"2019-2020";"..";"Periodismo e información";"Mujeres";"Rendimiento"
"2018-2019";"..";"Periodismo e información";"Mujeres";"Rendimiento"
"2017-2018";"..";"Periodismo e información";"Mujeres";"Rendimiento"
"2016-2017";"..";"Periodismo e información";"Mujeres";"Rendimiento"
"2015-2016";"..";"Periodismo e información";"Mujeres";"Rendimiento"
"2022-2023";"71.3";"Total Negocios, administración y derecho";"Mujeres";"Rendimiento"
"2021-2022";"66.65";"Total Negocios, administración y derecho";"Mujeres";"Rendimiento"
"2020-2021";"70.18";"Total Negocios, administración y derecho";"Mujeres";"Rendimiento"
"2019-2020";"76.5";"Total Negocios, administración y derecho";"Mujeres";"Rendimiento"
"2018-2019";"70.49";"Total Negocios, administración y derecho";"Mujeres";"Rendimiento"
"2017-2018";"71.86";"Total Negocios, administración y derecho";"Mujeres";"Rendimiento"
"2016-2017";"75.35";"Total Negocios, administración y derecho";"Mujeres";"Rendimiento"
"2015-2016";"73.21";"Total Negocios, administración y derecho";"Mujeres";"Rendimiento"
"2022-2023";"77.52";"Administración y gestión de empresas";"Mujeres";"Rendimiento"
"2021-2022";"73.66";"Administración y gestión de empresas";"Mujeres";"Rendimiento"
"2020-2021";"76.48";"Administración y gestión de empresas";"Mujeres";"Rendimiento"
"2019-2020";"79.55";"Administración y gestión de empresas";"Mujeres";"Rendimiento"
"2018-2019";"76.4";"Administración y gestión de empresas";"Mujeres";"Rendimiento"
"2017-2018";"77.21";"Administración y gestión de empresas";"Mujeres";"Rendimiento"
"2016-2017";"78.36";"Administración y gestión de empresas";"Mujeres";"Rendimiento"
"2015-2016";"75.48";"Administración y gestión de empresas";"Mujeres";"Rendimiento"
"2022-2023";"..";"Otra Educación comercial y empresarial";"Mujeres";"Rendimiento"
"2021-2022";"..";"Otra Educación comercial y empresarial";"Mujeres";"Rendimiento"
"2020-2021";"..";"Otra Educación comercial y empresarial";"Mujeres";"Rendimiento"
"2019-2020";"..";"Otra Educación comercial y empresarial";"Mujeres";"Rendimiento"
"2018-2019";"..";"Otra Educación comercial y empresarial";"Mujeres";"Rendimiento"
"2017-2018";"..";"Otra Educación comercial y empresarial";"Mujeres";"Rendimiento"
"2016-2017";"..";"Otra Educación comercial y empresarial";"Mujeres";"Rendimiento"
"2015-2016";"..";"Otra Educación comercial y empresarial";"Mujeres";"Rendimiento"
"2022-2023";"68.16";"Derecho";"Mujeres";"Rendimiento"
"2021-2022";"62.99";"Derecho";"Mujeres";"Rendimiento"
"2020-2021";"66.86";"Derecho";"Mujeres";"Rendimiento"
"2019-2020";"74.77";"Derecho";"Mujeres";"Rendimiento"
"2018-2019";"67.32";"Derecho";"Mujeres";"Rendimiento"
"2017-2018";"68.85";"Derecho";"Mujeres";"Rendimiento"
"2016-2017";"73.49";"Derecho";"Mujeres";"Rendimiento"
"2015-2016";"71.74";"Derecho";"Mujeres";"Rendimiento"
"2022-2023";"74.05";"Total Ciencias";"Mujeres";"Rendimiento"
"2021-2022";"70.59";"Total Ciencias";"Mujeres";"Rendimiento"
"2020-2021";"71.03";"Total Ciencias";"Mujeres";"Rendimiento"
"2019-2020";"81.9";"Total Ciencias";"Mujeres";"Rendimiento"
"2018-2019";"75.5";"Total Ciencias";"Mujeres";"Rendimiento"
"2017-2018";"74.9";"Total Ciencias";"Mujeres";"Rendimiento"
"2016-2017";"75.65";"Total Ciencias";"Mujeres";"Rendimiento"
"2015-2016";"74.35";"Total Ciencias";"Mujeres";"Rendimiento"
"2022-2023";"77.5";"Ciencias de la vida";"Mujeres";"Rendimiento"
"2021-2022";"74.95";"Ciencias de la vida";"Mujeres";"Rendimiento"
"2020-2021";"75.48";"Ciencias de la vida";"Mujeres";"Rendimiento"
"2019-2020";"86.47";"Ciencias de la vida";"Mujeres";"Rendimiento"
"2018-2019";"80.48";"Ciencias de la vida";"Mujeres";"Rendimiento"
"2017-2018";"78.14";"Ciencias de la vida";"Mujeres";"Rendimiento"
"2016-2017";"79.47";"Ciencias de la vida";"Mujeres";"Rendimiento"
"2015-2016";"77.02";"Ciencias de la vida";"Mujeres";"Rendimiento"
"2022-2023";"66.12";"Ciencias Físicas, químicas, geológicas";"Mujeres";"Rendimiento"
"2021-2022";"60.74";"Ciencias Físicas, químicas, geológicas";"Mujeres";"Rendimiento"
"2020-2021";"60.34";"Ciencias Físicas, químicas, geológicas";"Mujeres";"Rendimiento"
"2019-2020";"70.57";"Ciencias Físicas, químicas, geológicas";"Mujeres";"Rendimiento"
"2018-2019";"63.65";"Ciencias Físicas, químicas, geológicas";"Mujeres";"Rendimiento"
"2017-2018";"67.09";"Ciencias Físicas, químicas, geológicas";"Mujeres";"Rendimiento"
"2016-2017";"65.72";"Ciencias Físicas, químicas, geológicas";"Mujeres";"Rendimiento"
"2015-2016";"67.16";"Ciencias Físicas, químicas, geológicas";"Mujeres";"Rendimiento"
"2022-2023";"..";"Matemáticas y Estadística";"Mujeres";"Rendimiento"
"2021-2022";"..";"Matemáticas y Estadística";"Mujeres";"Rendimiento"
"2020-2021";"..";"Matemáticas y Estadística";"Mujeres";"Rendimiento"
"2019-2020";"..";"Matemáticas y Estadística";"Mujeres";"Rendimiento"
"2018-2019";"..";"Matemáticas y Estadística";"Mujeres";"Rendimiento"
"2017-2018";"..";"Matemáticas y Estadística";"Mujeres";"Rendimiento"
"2016-2017";"..";"Matemáticas y Estadística";"Mujeres";"Rendimiento"
"2015-2016";"..";"Matemáticas y Estadística";"Mujeres";"Rendimiento"
"2022-2023";"75.23";"Total Informática";"Mujeres";"Rendimiento"
"2021-2022";"66.63";"Total Informática";"Mujeres";"Rendimiento"
"2020-2021";"64.84";"Total Informática";"Mujeres";"Rendimiento"
"2019-2020";"72.11";"Total Informática";"Mujeres";"Rendimiento"
"2018-2019";"55.75";"Total Informática";"Mujeres";"Rendimiento"
"2017-2018";"70.9";"Total Informática";"Mujeres";"Rendimiento"
"2016-2017";"57.91";"Total Informática";"Mujeres";"Rendimiento"
"2015-2016";"54.7";"Total Informática";"Mujeres";"Rendimiento"
"2022-2023";"75.23";"Informática";"Mujeres";"Rendimiento"
"2021-2022";"66.63";"Informática";"Mujeres";"Rendimiento"
"2020-2021";"64.84";"Informática";"Mujeres";"Rendimiento"
"2019-2020";"72.11";"Informática";"Mujeres";"Rendimiento"
"2018-2019";"55.75";"Informática";"Mujeres";"Rendimiento"
"2017-2018";"70.9";"Informática";"Mujeres";"Rendimiento"
"2016-2017";"57.91";"Informática";"Mujeres";"Rendimiento"
"2015-2016";"54.7";"Informática";"Mujeres";"Rendimiento"
"2022-2023";"67.91";"Total Ingeniería, industria y construcción";"Mujeres";"Rendimiento"
"2021-2022";"69.43";"Total Ingeniería, industria y construcción";"Mujeres";"Rendimiento"
"2020-2021";"67.42";"Total Ingeniería, industria y construcción";"Mujeres";"Rendimiento"
"2019-2020";"75.0";"Total Ingeniería, industria y construcción";"Mujeres";"Rendimiento"
"2018-2019";"70.22";"Total Ingeniería, industria y construcción";"Mujeres";"Rendimiento"
"2017-2018";"74.46";"Total Ingeniería, industria y construcción";"Mujeres";"Rendimiento"
"2016-2017";"74.93";"Total Ingeniería, industria y construcción";"Mujeres";"Rendimiento"
"2015-2016";"74.26";"Total Ingeniería, industria y construcción";"Mujeres";"Rendimiento"
"2022-2023";"70.3";"Ingenierías";"Mujeres";"Rendimiento"
"2021-2022";"71.32";"Ingenierías";"Mujeres";"Rendimiento"
"2020-2021";"67.64";"Ingenierías";"Mujeres";"Rendimiento"
"2019-2020";"75.0";"Ingenierías";"Mujeres";"Rendimiento"
"2018-2019";"69.94";"Ingenierías";"Mujeres";"Rendimiento"
"2017-2018";"74.99";"Ingenierías";"Mujeres";"Rendimiento"
"2016-2017";"75.74";"Ingenierías";"Mujeres";"Rendimiento"
"2015-2016";"74.85";"Ingenierías";"Mujeres";"Rendimiento"
"2022-2023";"60.12";"Arquitectura y construcción";"Mujeres";"Rendimiento"
"2021-2022";"62.11";"Arquitectura y construcción";"Mujeres";"Rendimiento"
"2020-2021";"66.3";"Arquitectura y construcción";"Mujeres";"Rendimiento"
"2019-2020";"75.01";"Arquitectura y construcción";"Mujeres";"Rendimiento"
"2018-2019";"72.73";"Arquitectura y construcción";"Mujeres";"Rendimiento"
"2017-2018";"69.81";"Arquitectura y construcción";"Mujeres";"Rendimiento"
"2016-2017";"68.36";"Arquitectura y construcción";"Mujeres";"Rendimiento"
"2015-2016";"70.93";"Arquitectura y construcción";"Mujeres";"Rendimiento"
"2022-2023";"69.18";"Total Agricultura, ganadería,  silvicultura, pesca, y veterinaria";"Mujeres";"Rendimiento"
"2021-2022";"68.38";"Total Agricultura, ganadería,  silvicultura, pesca, y veterinaria";"Mujeres";"Rendimiento"
"2020-2021";"69.59";"Total Agricultura, ganadería,  silvicultura, pesca, y veterinaria";"Mujeres";"Rendimiento"
"2019-2020";"87.02";"Total Agricultura, ganadería,  silvicultura, pesca, y veterinaria";"Mujeres";"Rendimiento"
"2018-2019";"72.27";"Total Agricultura, ganadería,  silvicultura, pesca, y veterinaria";"Mujeres";"Rendimiento"
"2017-2018";"71.17";"Total Agricultura, ganadería,  silvicultura, pesca, y veterinaria";"Mujeres";"Rendimiento"
"2016-2017";"73.08";"Total Agricultura, ganadería,  silvicultura, pesca, y veterinaria";"Mujeres";"Rendimiento"
"2015-2016";"68.3";"Total Agricultura, ganadería,  silvicultura, pesca, y veterinaria";"Mujeres";"Rendimiento"
"2022-2023";"62.13";"Agricultura, ganadería y pesca";"Mujeres";"Rendimiento"
"2021-2022";"58.82";"Agricultura, ganadería y pesca";"Mujeres";"Rendimiento"
"2020-2021";"55.35";"Agricultura, ganadería y pesca";"Mujeres";"Rendimiento"
"2019-2020";"70.9";"Agricultura, ganadería y pesca";"Mujeres";"Rendimiento"
"2018-2019";"63.36";"Agricultura, ganadería y pesca";"Mujeres";"Rendimiento"
"2017-2018";"56.69";"Agricultura, ganadería y pesca";"Mujeres";"Rendimiento"
"2016-2017";"62.57";"Agricultura, ganadería y pesca";"Mujeres";"Rendimiento"
"2015-2016";"60.88";"Agricultura, ganadería y pesca";"Mujeres";"Rendimiento"
"2022-2023";"70.56";"Veterinaria";"Mujeres";"Rendimiento"
"2021-2022";"70.28";"Veterinaria";"Mujeres";"Rendimiento"
"2020-2021";"72.33";"Veterinaria";"Mujeres";"Rendimiento"
"2019-2020";"90.35";"Veterinaria";"Mujeres";"Rendimiento"
"2018-2019";"74.32";"Veterinaria";"Mujeres";"Rendimiento"
"2017-2018";"75.01";"Veterinaria";"Mujeres";"Rendimiento"
"2016-2017";"76.11";"Veterinaria";"Mujeres";"Rendimiento"
"2015-2016";"70.41";"Veterinaria";"Mujeres";"Rendimiento"
"2022-2023";"92.83";"Total Salud y servicios sociales";"Mujeres";"Rendimiento"
"2021-2022";"92.27";"Total Salud y servicios sociales";"Mujeres";"Rendimiento"
"2020-2021";"92.39";"Total Salud y servicios sociales";"Mujeres";"Rendimiento"
"2019-2020";"95.06";"Total Salud y servicios sociales";"Mujeres";"Rendimiento"
"2018-2019";"93.68";"Total Salud y servicios sociales";"Mujeres";"Rendimiento"
"2017-2018";"92.86";"Total Salud y servicios sociales";"Mujeres";"Rendimiento"
"2016-2017";"94.06";"Total Salud y servicios sociales";"Mujeres";"Rendimiento"
"2015-2016";"94.15";"Total Salud y servicios sociales";"Mujeres";"Rendimiento"
"2022-2023";"91.93";"Medicina";"Mujeres";"Rendimiento"
"2021-2022";"90.12";"Medicina";"Mujeres";"Rendimiento"
"2020-2021";"90.1";"Medicina";"Mujeres";"Rendimiento"
"2019-2020";"93.93";"Medicina";"Mujeres";"Rendimiento"
"2018-2019";"91.95";"Medicina";"Mujeres";"Rendimiento"
"2017-2018";"90.5";"Medicina";"Mujeres";"Rendimiento"
"2016-2017";"93.09";"Medicina";"Mujeres";"Rendimiento"
"2015-2016";"93.25";"Medicina";"Mujeres";"Rendimiento"
"2022-2023";"93.7";"Enfermería y atención a enfermos";"Mujeres";"Rendimiento"
"2021-2022";"94.57";"Enfermería y atención a enfermos";"Mujeres";"Rendimiento"
"2020-2021";"94.81";"Enfermería y atención a enfermos";"Mujeres";"Rendimiento"
"2019-2020";"96.22";"Enfermería y atención a enfermos";"Mujeres";"Rendimiento"
"2018-2019";"95.34";"Enfermería y atención a enfermos";"Mujeres";"Rendimiento"
"2017-2018";"95.2";"Enfermería y atención a enfermos";"Mujeres";"Rendimiento"
"2016-2017";"94.73";"Enfermería y atención a enfermos";"Mujeres";"Rendimiento"
"2015-2016";"95.09";"Enfermería y atención a enfermos";"Mujeres";"Rendimiento"
"2022-2023";"94.04";"Otras ciencias de la Salud";"Mujeres";"Rendimiento"
"2021-2022";"95.69";"Otras ciencias de la Salud";"Mujeres";"Rendimiento"
"2020-2021";"96.52";"Otras ciencias de la Salud";"Mujeres";"Rendimiento"
"2019-2020";"96.76";"Otras ciencias de la Salud";"Mujeres";"Rendimiento"
"2018-2019";"96.4";"Otras ciencias de la Salud";"Mujeres";"Rendimiento"
"2017-2018";"95.96";"Otras ciencias de la Salud";"Mujeres";"Rendimiento"
"2016-2017";"98.09";"Otras ciencias de la Salud";"Mujeres";"Rendimiento"
"2015-2016";"..";"Otras ciencias de la Salud";"Mujeres";"Rendimiento"
"2022-2023";"..";"Trabajo social y orientación";"Mujeres";"Rendimiento"
"2021-2022";"..";"Trabajo social y orientación";"Mujeres";"Rendimiento"
"2020-2021";"..";"Trabajo social y orientación";"Mujeres";"Rendimiento"
"2019-2020";"..";"Trabajo social y orientación";"Mujeres";"Rendimiento"
"2018-2019";"..";"Trabajo social y orientación";"Mujeres";"Rendimiento"
"2017-2018";"..";"Trabajo social y orientación";"Mujeres";"Rendimiento"
"2016-2017";"..";"Trabajo social y orientación";"Mujeres";"Rendimiento"
"2015-2016";"..";"Trabajo social y orientación";"Mujeres";"Rendimiento"
"2022-2023";"79.29";"Total Servicios";"Mujeres";"Rendimiento"
"2021-2022";"78.31";"Total Servicios";"Mujeres";"Rendimiento"
"2020-2021";"78.07";"Total Servicios";"Mujeres";"Rendimiento"
"2019-2020";"85.05";"Total Servicios";"Mujeres";"Rendimiento"
"2018-2019";"77.83";"Total Servicios";"Mujeres";"Rendimiento"
"2017-2018";"76.04";"Total Servicios";"Mujeres";"Rendimiento"
"2016-2017";"80.98";"Total Servicios";"Mujeres";"Rendimiento"
"2015-2016";"77.08";"Total Servicios";"Mujeres";"Rendimiento"
"2022-2023";"..";"Deportes";"Mujeres";"Rendimiento"
"2021-2022";"..";"Deportes";"Mujeres";"Rendimiento"
"2020-2021";"..";"Deportes";"Mujeres";"Rendimiento"
"2019-2020";"..";"Deportes";"Mujeres";"Rendimiento"
"2018-2019";"..";"Deportes";"Mujeres";"Rendimiento"
"2017-2018";"..";"Deportes";"Mujeres";"Rendimiento"
"2016-2017";"..";"Deportes";"Mujeres";"Rendimiento"
"2015-2016";"..";"Deportes";"Mujeres";"Rendimiento"
"2022-2023";"79.29";"Turismo y Hostelería";"Mujeres";"Rendimiento"
"2021-2022";"78.31";"Turismo y Hostelería";"Mujeres";"Rendimiento"
"2020-2021";"78.07";"Turismo y Hostelería";"Mujeres";"Rendimiento"
"2019-2020";"85.05";"Turismo y Hostelería";"Mujeres";"Rendimiento"
"2018-2019";"77.83";"Turismo y Hostelería";"Mujeres";"Rendimiento"
"2017-2018";"76.04";"Turismo y Hostelería";"Mujeres";"Rendimiento"
"2016-2017";"80.98";"Turismo y Hostelería";"Mujeres";"Rendimiento"
"2015-2016";"77.08";"Turismo y Hostelería";"Mujeres";"Rendimiento"
"2022-2023";"..";"Otros Servicios";"Mujeres";"Rendimiento"
"2021-2022";"..";"Otros Servicios";"Mujeres";"Rendimiento"
"2020-2021";"..";"Otros Servicios";"Mujeres";"Rendimiento"
"2019-2020";"..";"Otros Servicios";"Mujeres";"Rendimiento"
"2018-2019";"..";"Otros Servicios";"Mujeres";"Rendimiento"
"2017-2018";"..";"Otros Servicios";"Mujeres";"Rendimiento"
"2016-2017";"..";"Otros Servicios";"Mujeres";"Rendimiento"
"2015-2016";"..";"Otros Servicios";"Mujeres";"Rendimiento"
"2022-2023";"???";"Córdoba";"Mujeres";"Exito"
"2021-2022";"???";"Córdoba";"Mujeres";"Exito"
"2020-2021";"???";"Córdoba";"Mujeres";"Exito"
"2019-2020";"???";"Córdoba";"Mujeres";"Exito"
"2018-2019";"???";"Córdoba";"Mujeres";"Exito"
"2017-2018";"???";"Córdoba";"Mujeres";"Exito"
"2016-2017";"???";"Córdoba";"Mujeres";"Exito"
"2015-2016";"???";"Córdoba";"Mujeres";"Exito"
"2022-2023";"89.83";"Todos los ámbitos";"Mujeres";"Exito"
"2021-2022";"89.62";"Todos los ámbitos";"Mujeres";"Exito"
"2020-2021";"89.13";"Todos los ámbitos";"Mujeres";"Exito"
"2019-2020";"93.41";"Todos los ámbitos";"Mujeres";"Exito"
"2018-2019";"90.82";"Todos los ámbitos";"Mujeres";"Exito"
"2017-2018";"90.66";"Todos los ámbitos";"Mujeres";"Exito"
"2016-2017";"88.7";"Todos los ámbitos";"Mujeres";"Exito"
"2015-2016";"90.01";"Todos los ámbitos";"Mujeres";"Exito"
"2022-2023";"96.97";"Total Educación";"Mujeres";"Exito"
"2021-2022";"95.64";"Total Educación";"Mujeres";"Exito"
"2020-2021";"96.17";"Total Educación";"Mujeres";"Exito"
"2019-2020";"97.43";"Total Educación";"Mujeres";"Exito"
"2018-2019";"96.04";"Total Educación";"Mujeres";"Exito"
"2017-2018";"96.81";"Total Educación";"Mujeres";"Exito"
"2016-2017";"96.39";"Total Educación";"Mujeres";"Exito"
"2015-2016";"97.0";"Total Educación";"Mujeres";"Exito"
"2022-2023";"96.43";"Formación de docentes de enseñanza infantil";"Mujeres";"Exito"
"2021-2022";"95.02";"Formación de docentes de enseñanza infantil";"Mujeres";"Exito"
"2020-2021";"95.62";"Formación de docentes de enseñanza infantil";"Mujeres";"Exito"
"2019-2020";"97.45";"Formación de docentes de enseñanza infantil";"Mujeres";"Exito"
"2018-2019";"96.58";"Formación de docentes de enseñanza infantil";"Mujeres";"Exito"
"2017-2018";"97.01";"Formación de docentes de enseñanza infantil";"Mujeres";"Exito"
"2016-2017";"97.47";"Formación de docentes de enseñanza infantil";"Mujeres";"Exito"
"2015-2016";"97.58";"Formación de docentes de enseñanza infantil";"Mujeres";"Exito"
"2022-2023";"97.41";"Formación de docentes de enseñanza primaria";"Mujeres";"Exito"
"2021-2022";"96.26";"Formación de docentes de enseñanza primaria";"Mujeres";"Exito"
"2020-2021";"96.45";"Formación de docentes de enseñanza primaria";"Mujeres";"Exito"
"2019-2020";"97.41";"Formación de docentes de enseñanza primaria";"Mujeres";"Exito"
"2018-2019";"94.97";"Formación de docentes de enseñanza primaria";"Mujeres";"Exito"
"2017-2018";"96.05";"Formación de docentes de enseñanza primaria";"Mujeres";"Exito"
"2016-2017";"95.14";"Formación de docentes de enseñanza primaria";"Mujeres";"Exito"
"2015-2016";"96.29";"Formación de docentes de enseñanza primaria";"Mujeres";"Exito"
"2022-2023";"97.37";"Otra Formación de personal docente y ciencias de la educación";"Mujeres";"Exito"
"2021-2022";"95.42";"Otra Formación de personal docente y ciencias de la educación";"Mujeres";"Exito"
"2020-2021";"97.3";"Otra Formación de personal docente y ciencias de la educación";"Mujeres";"Exito"
"2019-2020";"97.47";"Otra Formación de personal docente y ciencias de la educación";"Mujeres";"Exito"
"2018-2019";"98.13";"Otra Formación de personal docente y ciencias de la educación";"Mujeres";"Exito"
"2017-2018";"99.13";"Otra Formación de personal docente y ciencias de la educación";"Mujeres";"Exito"
"2016-2017";"96.7";"Otra Formación de personal docente y ciencias de la educación";"Mujeres";"Exito"
"2015-2016";"97.8";"Otra Formación de personal docente y ciencias de la educación";"Mujeres";"Exito"
"2022-2023";"90.89";"Total Artes y humanidades";"Mujeres";"Exito"
"2021-2022";"90.25";"Total Artes y humanidades";"Mujeres";"Exito"
"2020-2021";"89.87";"Total Artes y humanidades";"Mujeres";"Exito"
"2019-2020";"92.71";"Total Artes y humanidades";"Mujeres";"Exito"
"2018-2019";"92.77";"Total Artes y humanidades";"Mujeres";"Exito"
"2017-2018";"92.55";"Total Artes y humanidades";"Mujeres";"Exito"
"2016-2017";"91.17";"Total Artes y humanidades";"Mujeres";"Exito"
"2015-2016";"93.0";"Total Artes y humanidades";"Mujeres";"Exito"
"2022-2023";"89.88";"Técnicas audiovisuales y medios de comunicación";"Mujeres";"Exito"
"2021-2022";"85.75";"Técnicas audiovisuales y medios de comunicación";"Mujeres";"Exito"
"2020-2021";"87.61";"Técnicas audiovisuales y medios de comunicación";"Mujeres";"Exito"
"2019-2020";"88.47";"Técnicas audiovisuales y medios de comunicación";"Mujeres";"Exito"
"2018-2019";"90.39";"Técnicas audiovisuales y medios de comunicación";"Mujeres";"Exito"
"2017-2018";"..";"Técnicas audiovisuales y medios de comunicación";"Mujeres";"Exito"
"2016-2017";"..";"Técnicas audiovisuales y medios de comunicación";"Mujeres";"Exito"
"2015-2016";"..";"Técnicas audiovisuales y medios de comunicación";"Mujeres";"Exito"
"2022-2023";"77.99";"Artes";"Mujeres";"Exito"
"2021-2022";"79.61";"Artes";"Mujeres";"Exito"
"2020-2021";"78.19";"Artes";"Mujeres";"Exito"
"2019-2020";"86.18";"Artes";"Mujeres";"Exito"
"2018-2019";"91.14";"Artes";"Mujeres";"Exito"
"2017-2018";"87.87";"Artes";"Mujeres";"Exito"
"2016-2017";"85.58";"Artes";"Mujeres";"Exito"
"2015-2016";"91.79";"Artes";"Mujeres";"Exito"
"2022-2023";"92.04";"Lenguas";"Mujeres";"Exito"
"2021-2022";"92.0";"Lenguas";"Mujeres";"Exito"
"2020-2021";"91.42";"Lenguas";"Mujeres";"Exito"
"2019-2020";"93.82";"Lenguas";"Mujeres";"Exito"
"2018-2019";"93.54";"Lenguas";"Mujeres";"Exito"
"2017-2018";"93.83";"Lenguas";"Mujeres";"Exito"
"2016-2017";"92.62";"Lenguas";"Mujeres";"Exito"
"2015-2016";"93.74";"Lenguas";"Mujeres";"Exito"
"2022-2023";"90.49";"Humanidades";"Mujeres";"Exito"
"2021-2022";"88.38";"Humanidades";"Mujeres";"Exito"
"2020-2021";"87.86";"Humanidades";"Mujeres";"Exito"
"2019-2020";"91.36";"Humanidades";"Mujeres";"Exito"
"2018-2019";"88.33";"Humanidades";"Mujeres";"Exito"
"2017-2018";"87.95";"Humanidades";"Mujeres";"Exito"
"2016-2017";"84.03";"Humanidades";"Mujeres";"Exito"
"2015-2016";"86.93";"Humanidades";"Mujeres";"Exito"
"2022-2023";"98.25";"Total Ciencias sociales, periodismo y documentación";"Mujeres";"Exito"
"2021-2022";"96.87";"Total Ciencias sociales, periodismo y documentación";"Mujeres";"Exito"
"2020-2021";"95.77";"Total Ciencias sociales, periodismo y documentación";"Mujeres";"Exito"
"2019-2020";"96.13";"Total Ciencias sociales, periodismo y documentación";"Mujeres";"Exito"
"2018-2019";"95.1";"Total Ciencias sociales, periodismo y documentación";"Mujeres";"Exito"
"2017-2018";"94.18";"Total Ciencias sociales, periodismo y documentación";"Mujeres";"Exito"
"2016-2017";"90.48";"Total Ciencias sociales, periodismo y documentación";"Mujeres";"Exito"
"2015-2016";"90.05";"Total Ciencias sociales, periodismo y documentación";"Mujeres";"Exito"
"2022-2023";"98.35";"Psicología";"Mujeres";"Exito"
"2021-2022";"96.76";"Psicología";"Mujeres";"Exito"
"2020-2021";"96.28";"Psicología";"Mujeres";"Exito"
"2019-2020";"97.17";"Psicología";"Mujeres";"Exito"
"2018-2019";"94.14";"Psicología";"Mujeres";"Exito"
"2017-2018";"..";"Psicología";"Mujeres";"Exito"
"2016-2017";"..";"Psicología";"Mujeres";"Exito"
"2015-2016";"..";"Psicología";"Mujeres";"Exito"
"2022-2023";"..";"Economía";"Mujeres";"Exito"
"2021-2022";"..";"Economía";"Mujeres";"Exito"
"2020-2021";"..";"Economía";"Mujeres";"Exito"
"2019-2020";"..";"Economía";"Mujeres";"Exito"
"2018-2019";"..";"Economía";"Mujeres";"Exito"
"2017-2018";"..";"Economía";"Mujeres";"Exito"
"2016-2017";"..";"Economía";"Mujeres";"Exito"
"2015-2016";"..";"Economía";"Mujeres";"Exito"
"2022-2023";"97.24";"Otras Ciencias sociales y del comportamiento";"Mujeres";"Exito"
"2021-2022";"97.86";"Otras Ciencias sociales y del comportamiento";"Mujeres";"Exito"
"2020-2021";"93.58";"Otras Ciencias sociales y del comportamiento";"Mujeres";"Exito"
"2019-2020";"94.01";"Otras Ciencias sociales y del comportamiento";"Mujeres";"Exito"
"2018-2019";"95.81";"Otras Ciencias sociales y del comportamiento";"Mujeres";"Exito"
"2017-2018";"94.18";"Otras Ciencias sociales y del comportamiento";"Mujeres";"Exito"
"2016-2017";"90.48";"Otras Ciencias sociales y del comportamiento";"Mujeres";"Exito"
"2015-2016";"90.05";"Otras Ciencias sociales y del comportamiento";"Mujeres";"Exito"
"2022-2023";"..";"Periodismo e información";"Mujeres";"Exito"
"2021-2022";"..";"Periodismo e información";"Mujeres";"Exito"
"2020-2021";"..";"Periodismo e información";"Mujeres";"Exito"
"2019-2020";"..";"Periodismo e información";"Mujeres";"Exito"
"2018-2019";"..";"Periodismo e información";"Mujeres";"Exito"
"2017-2018";"..";"Periodismo e información";"Mujeres";"Exito"
"2016-2017";"..";"Periodismo e información";"Mujeres";"Exito"
"2015-2016";"..";"Periodismo e información";"Mujeres";"Exito"
"2022-2023";"82.63";"Total Negocios, administración y derecho";"Mujeres";"Exito"
"2021-2022";"81.3";"Total Negocios, administración y derecho";"Mujeres";"Exito"
"2020-2021";"81.67";"Total Negocios, administración y derecho";"Mujeres";"Exito"
"2019-2020";"88.57";"Total Negocios, administración y derecho";"Mujeres";"Exito"
"2018-2019";"83.93";"Total Negocios, administración y derecho";"Mujeres";"Exito"
"2017-2018";"84.58";"Total Negocios, administración y derecho";"Mujeres";"Exito"
"2016-2017";"82.64";"Total Negocios, administración y derecho";"Mujeres";"Exito"
"2015-2016";"83.73";"Total Negocios, administración y derecho";"Mujeres";"Exito"
"2022-2023";"86.37";"Administración y gestión de empresas";"Mujeres";"Exito"
"2021-2022";"84.82";"Administración y gestión de empresas";"Mujeres";"Exito"
"2020-2021";"83.96";"Administración y gestión de empresas";"Mujeres";"Exito"
"2019-2020";"89.04";"Administración y gestión de empresas";"Mujeres";"Exito"
"2018-2019";"86.86";"Administración y gestión de empresas";"Mujeres";"Exito"
"2017-2018";"86.67";"Administración y gestión de empresas";"Mujeres";"Exito"
"2016-2017";"85.52";"Administración y gestión de empresas";"Mujeres";"Exito"
"2015-2016";"84.01";"Administración y gestión de empresas";"Mujeres";"Exito"
"2022-2023";"..";"Otra Educación comercial y empresarial";"Mujeres";"Exito"
"2021-2022";"..";"Otra Educación comercial y empresarial";"Mujeres";"Exito"
"2020-2021";"..";"Otra Educación comercial y empresarial";"Mujeres";"Exito"
"2019-2020";"..";"Otra Educación comercial y empresarial";"Mujeres";"Exito"
"2018-2019";"..";"Otra Educación comercial y empresarial";"Mujeres";"Exito"
"2017-2018";"..";"Otra Educación comercial y empresarial";"Mujeres";"Exito"
"2016-2017";"..";"Otra Educación comercial y empresarial";"Mujeres";"Exito"
"2015-2016";"..";"Otra Educación comercial y empresarial";"Mujeres";"Exito"
"2022-2023";"80.62";"Derecho";"Mujeres";"Exito"
"2021-2022";"79.3";"Derecho";"Mujeres";"Exito"
"2020-2021";"80.36";"Derecho";"Mujeres";"Exito"
"2019-2020";"88.3";"Derecho";"Mujeres";"Exito"
"2018-2019";"82.23";"Derecho";"Mujeres";"Exito"
"2017-2018";"83.31";"Derecho";"Mujeres";"Exito"
"2016-2017";"80.85";"Derecho";"Mujeres";"Exito"
"2015-2016";"83.52";"Derecho";"Mujeres";"Exito"
"2022-2023";"83.21";"Total Ciencias";"Mujeres";"Exito"
"2021-2022";"82.36";"Total Ciencias";"Mujeres";"Exito"
"2020-2021";"81.69";"Total Ciencias";"Mujeres";"Exito"
"2019-2020";"90.81";"Total Ciencias";"Mujeres";"Exito"
"2018-2019";"85.14";"Total Ciencias";"Mujeres";"Exito"
"2017-2018";"84.97";"Total Ciencias";"Mujeres";"Exito"
"2016-2017";"81.36";"Total Ciencias";"Mujeres";"Exito"
"2015-2016";"83.59";"Total Ciencias";"Mujeres";"Exito"
"2022-2023";"86.6";"Ciencias de la vida";"Mujeres";"Exito"
"2021-2022";"86.59";"Ciencias de la vida";"Mujeres";"Exito"
"2020-2021";"85.03";"Ciencias de la vida";"Mujeres";"Exito"
"2019-2020";"93.28";"Ciencias de la vida";"Mujeres";"Exito"
"2018-2019";"88.17";"Ciencias de la vida";"Mujeres";"Exito"
"2017-2018";"86.95";"Ciencias de la vida";"Mujeres";"Exito"
"2016-2017";"84.59";"Ciencias de la vida";"Mujeres";"Exito"
"2015-2016";"84.6";"Ciencias de la vida";"Mujeres";"Exito"
"2022-2023";"75.24";"Ciencias Físicas, químicas, geológicas";"Mujeres";"Exito"
"2021-2022";"72.47";"Ciencias Físicas, químicas, geológicas";"Mujeres";"Exito"
"2020-2021";"73.09";"Ciencias Físicas, químicas, geológicas";"Mujeres";"Exito"
"2019-2020";"84.03";"Ciencias Físicas, químicas, geológicas";"Mujeres";"Exito"
"2018-2019";"77.17";"Ciencias Físicas, químicas, geológicas";"Mujeres";"Exito"
"2017-2018";"79.87";"Ciencias Físicas, químicas, geológicas";"Mujeres";"Exito"
"2016-2017";"72.63";"Ciencias Físicas, químicas, geológicas";"Mujeres";"Exito"
"2015-2016";"80.62";"Ciencias Físicas, químicas, geológicas";"Mujeres";"Exito"
"2022-2023";"..";"Matemáticas y Estadística";"Mujeres";"Exito"
"2021-2022";"..";"Matemáticas y Estadística";"Mujeres";"Exito"
"2020-2021";"..";"Matemáticas y Estadística";"Mujeres";"Exito"
"2019-2020";"..";"Matemáticas y Estadística";"Mujeres";"Exito"
"2018-2019";"..";"Matemáticas y Estadística";"Mujeres";"Exito"
"2017-2018";"..";"Matemáticas y Estadística";"Mujeres";"Exito"
"2016-2017";"..";"Matemáticas y Estadística";"Mujeres";"Exito"
"2015-2016";"..";"Matemáticas y Estadística";"Mujeres";"Exito"
"2022-2023";"84.25";"Total Informática";"Mujeres";"Exito"
"2021-2022";"80.17";"Total Informática";"Mujeres";"Exito"
"2020-2021";"80.4";"Total Informática";"Mujeres";"Exito"
"2019-2020";"83.15";"Total Informática";"Mujeres";"Exito"
"2018-2019";"69.31";"Total Informática";"Mujeres";"Exito"
"2017-2018";"84.1";"Total Informática";"Mujeres";"Exito"
"2016-2017";"71.63";"Total Informática";"Mujeres";"Exito"
"2015-2016";"75.06";"Total Informática";"Mujeres";"Exito"
"2022-2023";"84.25";"Informática";"Mujeres";"Exito"
"2021-2022";"80.17";"Informática";"Mujeres";"Exito"
"2020-2021";"80.4";"Informática";"Mujeres";"Exito"
"2019-2020";"83.15";"Informática";"Mujeres";"Exito"
"2018-2019";"69.31";"Informática";"Mujeres";"Exito"
"2017-2018";"84.1";"Informática";"Mujeres";"Exito"
"2016-2017";"71.63";"Informática";"Mujeres";"Exito"
"2015-2016";"75.06";"Informática";"Mujeres";"Exito"
"2022-2023";"81.25";"Total Ingeniería, industria y construcción";"Mujeres";"Exito"
"2021-2022";"84.23";"Total Ingeniería, industria y construcción";"Mujeres";"Exito"
"2020-2021";"80.38";"Total Ingeniería, industria y construcción";"Mujeres";"Exito"
"2019-2020";"85.45";"Total Ingeniería, industria y construcción";"Mujeres";"Exito"
"2018-2019";"83.57";"Total Ingeniería, industria y construcción";"Mujeres";"Exito"
"2017-2018";"85.84";"Total Ingeniería, industria y construcción";"Mujeres";"Exito"
"2016-2017";"81.94";"Total Ingeniería, industria y construcción";"Mujeres";"Exito"
"2015-2016";"86.3";"Total Ingeniería, industria y construcción";"Mujeres";"Exito"
"2022-2023";"80.99";"Ingenierías";"Mujeres";"Exito"
"2021-2022";"84.54";"Ingenierías";"Mujeres";"Exito"
"2020-2021";"79.34";"Ingenierías";"Mujeres";"Exito"
"2019-2020";"84.7";"Ingenierías";"Mujeres";"Exito"
"2018-2019";"82.99";"Ingenierías";"Mujeres";"Exito"
"2017-2018";"85.19";"Ingenierías";"Mujeres";"Exito"
"2016-2017";"82.04";"Ingenierías";"Mujeres";"Exito"
"2015-2016";"85.55";"Ingenierías";"Mujeres";"Exito"
"2022-2023";"82.23";"Arquitectura y construcción";"Mujeres";"Exito"
"2021-2022";"82.84";"Arquitectura y construcción";"Mujeres";"Exito"
"2020-2021";"86.28";"Arquitectura y construcción";"Mujeres";"Exito"
"2019-2020";"90.91";"Arquitectura y construcción";"Mujeres";"Exito"
"2018-2019";"89.08";"Arquitectura y construcción";"Mujeres";"Exito"
"2017-2018";"92.49";"Arquitectura y construcción";"Mujeres";"Exito"
"2016-2017";"81.05";"Arquitectura y construcción";"Mujeres";"Exito"
"2015-2016";"91.0";"Arquitectura y construcción";"Mujeres";"Exito"
"2022-2023";"80.44";"Total Agricultura, ganadería,  silvicultura, pesca, y veterinaria";"Mujeres";"Exito"
"2021-2022";"85.0";"Total Agricultura, ganadería,  silvicultura, pesca, y veterinaria";"Mujeres";"Exito"
"2020-2021";"83.4";"Total Agricultura, ganadería,  silvicultura, pesca, y veterinaria";"Mujeres";"Exito"
"2019-2020";"93.19";"Total Agricultura, ganadería,  silvicultura, pesca, y veterinaria";"Mujeres";"Exito"
"2018-2019";"87.25";"Total Agricultura, ganadería,  silvicultura, pesca, y veterinaria";"Mujeres";"Exito"
"2017-2018";"84.93";"Total Agricultura, ganadería,  silvicultura, pesca, y veterinaria";"Mujeres";"Exito"
"2016-2017";"80.35";"Total Agricultura, ganadería,  silvicultura, pesca, y veterinaria";"Mujeres";"Exito"
"2015-2016";"83.03";"Total Agricultura, ganadería,  silvicultura, pesca, y veterinaria";"Mujeres";"Exito"
"2022-2023";"76.89";"Agricultura, ganadería y pesca";"Mujeres";"Exito"
"2021-2022";"76.59";"Agricultura, ganadería y pesca";"Mujeres";"Exito"
"2020-2021";"71.5";"Agricultura, ganadería y pesca";"Mujeres";"Exito"
"2019-2020";"85.58";"Agricultura, ganadería y pesca";"Mujeres";"Exito"
"2018-2019";"81.27";"Agricultura, ganadería y pesca";"Mujeres";"Exito"
"2017-2018";"74.29";"Agricultura, ganadería y pesca";"Mujeres";"Exito"
"2016-2017";"73.16";"Agricultura, ganadería y pesca";"Mujeres";"Exito"
"2015-2016";"78.78";"Agricultura, ganadería y pesca";"Mujeres";"Exito"
"2022-2023";"81.08";"Veterinaria";"Mujeres";"Exito"
"2021-2022";"86.59";"Veterinaria";"Mujeres";"Exito"
"2020-2021";"85.49";"Veterinaria";"Mujeres";"Exito"
"2019-2020";"94.56";"Veterinaria";"Mujeres";"Exito"
"2018-2019";"88.52";"Veterinaria";"Mujeres";"Exito"
"2017-2018";"87.44";"Veterinaria";"Mujeres";"Exito"
"2016-2017";"82.26";"Veterinaria";"Mujeres";"Exito"
"2015-2016";"84.15";"Veterinaria";"Mujeres";"Exito"
"2022-2023";"96.02";"Total Salud y servicios sociales";"Mujeres";"Exito"
"2021-2022";"95.92";"Total Salud y servicios sociales";"Mujeres";"Exito"
"2020-2021";"95.23";"Total Salud y servicios sociales";"Mujeres";"Exito"
"2019-2020";"96.86";"Total Salud y servicios sociales";"Mujeres";"Exito"
"2018-2019";"96.53";"Total Salud y servicios sociales";"Mujeres";"Exito"
"2017-2018";"96.08";"Total Salud y servicios sociales";"Mujeres";"Exito"
"2016-2017";"96.28";"Total Salud y servicios sociales";"Mujeres";"Exito"
"2015-2016";"96.64";"Total Salud y servicios sociales";"Mujeres";"Exito"
"2022-2023";"94.86";"Medicina";"Mujeres";"Exito"
"2021-2022";"94.14";"Medicina";"Mujeres";"Exito"
"2020-2021";"93.84";"Medicina";"Mujeres";"Exito"
"2019-2020";"96.27";"Medicina";"Mujeres";"Exito"
"2018-2019";"94.96";"Medicina";"Mujeres";"Exito"
"2017-2018";"93.73";"Medicina";"Mujeres";"Exito"
"2016-2017";"95.37";"Medicina";"Mujeres";"Exito"
"2015-2016";"96.16";"Medicina";"Mujeres";"Exito"
"2022-2023";"97.29";"Enfermería y atención a enfermos";"Mujeres";"Exito"
"2021-2022";"98.16";"Enfermería y atención a enfermos";"Mujeres";"Exito"
"2020-2021";"96.65";"Enfermería y atención a enfermos";"Mujeres";"Exito"
"2019-2020";"97.28";"Enfermería y atención a enfermos";"Mujeres";"Exito"
"2018-2019";"98.13";"Enfermería y atención a enfermos";"Mujeres";"Exito"
"2017-2018";"98.51";"Enfermería y atención a enfermos";"Mujeres";"Exito"
"2016-2017";"97.07";"Enfermería y atención a enfermos";"Mujeres";"Exito"
"2015-2016";"97.18";"Enfermería y atención a enfermos";"Mujeres";"Exito"
"2022-2023";"97.15";"Otras ciencias de la Salud";"Mujeres";"Exito"
"2021-2022";"97.17";"Otras ciencias de la Salud";"Mujeres";"Exito"
"2020-2021";"97.7";"Otras ciencias de la Salud";"Mujeres";"Exito"
"2019-2020";"98.41";"Otras ciencias de la Salud";"Mujeres";"Exito"
"2018-2019";"98.57";"Otras ciencias de la Salud";"Mujeres";"Exito"
"2017-2018";"98.58";"Otras ciencias de la Salud";"Mujeres";"Exito"
"2016-2017";"98.67";"Otras ciencias de la Salud";"Mujeres";"Exito"
"2015-2016";"..";"Otras ciencias de la Salud";"Mujeres";"Exito"
"2022-2023";"..";"Trabajo social y orientación";"Mujeres";"Exito"
"2021-2022";"..";"Trabajo social y orientación";"Mujeres";"Exito"
"2020-2021";"..";"Trabajo social y orientación";"Mujeres";"Exito"
"2019-2020";"..";"Trabajo social y orientación";"Mujeres";"Exito"
"2018-2019";"..";"Trabajo social y orientación";"Mujeres";"Exito"
"2017-2018";"..";"Trabajo social y orientación";"Mujeres";"Exito"
"2016-2017";"..";"Trabajo social y orientación";"Mujeres";"Exito"
"2015-2016";"..";"Trabajo social y orientación";"Mujeres";"Exito"
"2022-2023";"90.38";"Total Servicios";"Mujeres";"Exito"
"2021-2022";"88.72";"Total Servicios";"Mujeres";"Exito"
"2020-2021";"86.89";"Total Servicios";"Mujeres";"Exito"
"2019-2020";"93.16";"Total Servicios";"Mujeres";"Exito"
"2018-2019";"88.63";"Total Servicios";"Mujeres";"Exito"
"2017-2018";"85.99";"Total Servicios";"Mujeres";"Exito"
"2016-2017";"88.28";"Total Servicios";"Mujeres";"Exito"
"2015-2016";"84.98";"Total Servicios";"Mujeres";"Exito"
"2022-2023";"..";"Deportes";"Mujeres";"Exito"
"2021-2022";"..";"Deportes";"Mujeres";"Exito"
"2020-2021";"..";"Deportes";"Mujeres";"Exito"
"2019-2020";"..";"Deportes";"Mujeres";"Exito"
"2018-2019";"..";"Deportes";"Mujeres";"Exito"
"2017-2018";"..";"Deportes";"Mujeres";"Exito"
"2016-2017";"..";"Deportes";"Mujeres";"Exito"
"2015-2016";"..";"Deportes";"Mujeres";"Exito"
"2022-2023";"90.38";"Turismo y Hostelería";"Mujeres";"Exito"
"2021-2022";"88.72";"Turismo y Hostelería";"Mujeres";"Exito"
"2020-2021";"86.89";"Turismo y Hostelería";"Mujeres";"Exito"
"2019-2020";"93.16";"Turismo y Hostelería";"Mujeres";"Exito"
"2018-2019";"88.63";"Turismo y Hostelería";"Mujeres";"Exito"
"2017-2018";"85.99";"Turismo y Hostelería";"Mujeres";"Exito"
"2016-2017";"88.28";"Turismo y Hostelería";"Mujeres";"Exito"
"2015-2016";"84.98";"Turismo y Hostelería";"Mujeres";"Exito"
"2022-2023";"..";"Otros Servicios";"Mujeres";"Exito"
"2021-2022";"..";"Otros Servicios";"Mujeres";"Exito"
"2020-2021";"..";"Otros Servicios";"Mujeres";"Exito"
"2019-2020";"..";"Otros Servicios";"Mujeres";"Exito"
"2018-2019";"..";"Otros Servicios";"Mujeres";"Exito"
"2017-2018";"..";"Otros Servicios";"Mujeres";"Exito"
"2016-2017";"..";"Otros Servicios";"Mujeres";"Exito"
"2015-2016";"..";"Otros Servicios";"Mujeres";"Exito"
"2022-2023";"???";"Córdoba";"Mujeres";"Evaluacion"
"2021-2022";"???";"Córdoba";"Mujeres";"Evaluacion"
"2020-2021";"???";"Córdoba";"Mujeres";"Evaluacion"
"2019-2020";"???";"Córdoba";"Mujeres";"Evaluacion"
"2018-2019";"???";"Córdoba";"Mujeres";"Evaluacion"
"2017-2018";"???";"Córdoba";"Mujeres";"Evaluacion"
"2016-2017";"???";"Córdoba";"Mujeres";"Evaluacion"
"2015-2016";"???";"Córdoba";"Mujeres";"Evaluacion"
"2022-2023";"91.48";"Todos los ámbitos";"Mujeres";"Evaluacion"
"2021-2022";"88.86";"Todos los ámbitos";"Mujeres";"Evaluacion"
"2020-2021";"90.9";"Todos los ámbitos";"Mujeres";"Evaluacion"
"2019-2020";"92.66";"Todos los ámbitos";"Mujeres";"Evaluacion"
"2018-2019";"90.74";"Todos los ámbitos";"Mujeres";"Evaluacion"
"2017-2018";"90.69";"Todos los ámbitos";"Mujeres";"Evaluacion"
"2016-2017";"94.03";"Todos los ámbitos";"Mujeres";"Evaluacion"
"2015-2016";"91.36";"Todos los ámbitos";"Mujeres";"Evaluacion"
"2022-2023";"97.72";"Total Educación";"Mujeres";"Evaluacion"
"2021-2022";"97.03";"Total Educación";"Mujeres";"Evaluacion"
"2020-2021";"98.04";"Total Educación";"Mujeres";"Evaluacion"
"2019-2020";"97.31";"Total Educación";"Mujeres";"Evaluacion"
"2018-2019";"97.56";"Total Educación";"Mujeres";"Evaluacion"
"2017-2018";"97.52";"Total Educación";"Mujeres";"Evaluacion"
"2016-2017";"97.8";"Total Educación";"Mujeres";"Evaluacion"
"2015-2016";"97.65";"Total Educación";"Mujeres";"Evaluacion"
"2022-2023";"97.22";"Formación de docentes de enseñanza infantil";"Mujeres";"Evaluacion"
"2021-2022";"96.57";"Formación de docentes de enseñanza infantil";"Mujeres";"Evaluacion"
"2020-2021";"97.84";"Formación de docentes de enseñanza infantil";"Mujeres";"Evaluacion"
"2019-2020";"97.89";"Formación de docentes de enseñanza infantil";"Mujeres";"Evaluacion"
"2018-2019";"97.89";"Formación de docentes de enseñanza infantil";"Mujeres";"Evaluacion"
"2017-2018";"97.91";"Formación de docentes de enseñanza infantil";"Mujeres";"Evaluacion"
"2016-2017";"97.75";"Formación de docentes de enseñanza infantil";"Mujeres";"Evaluacion"
"2015-2016";"98.17";"Formación de docentes de enseñanza infantil";"Mujeres";"Evaluacion"
"2022-2023";"98.04";"Formación de docentes de enseñanza primaria";"Mujeres";"Evaluacion"
"2021-2022";"97.27";"Formación de docentes de enseñanza primaria";"Mujeres";"Evaluacion"
"2020-2021";"98.29";"Formación de docentes de enseñanza primaria";"Mujeres";"Evaluacion"
"2019-2020";"96.98";"Formación de docentes de enseñanza primaria";"Mujeres";"Evaluacion"
"2018-2019";"97.09";"Formación de docentes de enseñanza primaria";"Mujeres";"Evaluacion"
"2017-2018";"96.97";"Formación de docentes de enseñanza primaria";"Mujeres";"Evaluacion"
"2016-2017";"97.6";"Formación de docentes de enseñanza primaria";"Mujeres";"Evaluacion"
"2015-2016";"96.96";"Formación de docentes de enseñanza primaria";"Mujeres";"Evaluacion"
"2022-2023";"98.42";"Otra Formación de personal docente y ciencias de la educación";"Mujeres";"Evaluacion"
"2021-2022";"97.91";"Otra Formación de personal docente y ciencias de la educación";"Mujeres";"Evaluacion"
"2020-2021";"97.81";"Otra Formación de personal docente y ciencias de la educación";"Mujeres";"Evaluacion"
"2019-2020";"96.3";"Otra Formación de personal docente y ciencias de la educación";"Mujeres";"Evaluacion"
"2018-2019";"98.12";"Otra Formación de personal docente y ciencias de la educación";"Mujeres";"Evaluacion"
"2017-2018";"98.09";"Otra Formación de personal docente y ciencias de la educación";"Mujeres";"Evaluacion"
"2016-2017";"99.22";"Otra Formación de personal docente y ciencias de la educación";"Mujeres";"Evaluacion"
"2015-2016";"98.86";"Otra Formación de personal docente y ciencias de la educación";"Mujeres";"Evaluacion"
"2022-2023";"90.58";"Total Artes y humanidades";"Mujeres";"Evaluacion"
"2021-2022";"86.67";"Total Artes y humanidades";"Mujeres";"Evaluacion"
"2020-2021";"89.8";"Total Artes y humanidades";"Mujeres";"Evaluacion"
"2019-2020";"90.95";"Total Artes y humanidades";"Mujeres";"Evaluacion"
"2018-2019";"91.48";"Total Artes y humanidades";"Mujeres";"Evaluacion"
"2017-2018";"90.3";"Total Artes y humanidades";"Mujeres";"Evaluacion"
"2016-2017";"93.44";"Total Artes y humanidades";"Mujeres";"Evaluacion"
"2015-2016";"92.51";"Total Artes y humanidades";"Mujeres";"Evaluacion"
"2022-2023";"83.34";"Técnicas audiovisuales y medios de comunicación";"Mujeres";"Evaluacion"
"2021-2022";"78.2";"Técnicas audiovisuales y medios de comunicación";"Mujeres";"Evaluacion"
"2020-2021";"83.21";"Técnicas audiovisuales y medios de comunicación";"Mujeres";"Evaluacion"
"2019-2020";"80.02";"Técnicas audiovisuales y medios de comunicación";"Mujeres";"Evaluacion"
"2018-2019";"86.32";"Técnicas audiovisuales y medios de comunicación";"Mujeres";"Evaluacion"
"2017-2018";"..";"Técnicas audiovisuales y medios de comunicación";"Mujeres";"Evaluacion"
"2016-2017";"..";"Técnicas audiovisuales y medios de comunicación";"Mujeres";"Evaluacion"
"2015-2016";"..";"Técnicas audiovisuales y medios de comunicación";"Mujeres";"Evaluacion"
"2022-2023";"85.12";"Artes";"Mujeres";"Evaluacion"
"2021-2022";"78.82";"Artes";"Mujeres";"Evaluacion"
"2020-2021";"84.37";"Artes";"Mujeres";"Evaluacion"
"2019-2020";"84.89";"Artes";"Mujeres";"Evaluacion"
"2018-2019";"83.99";"Artes";"Mujeres";"Evaluacion"
"2017-2018";"80.2";"Artes";"Mujeres";"Evaluacion"
"2016-2017";"88.14";"Artes";"Mujeres";"Evaluacion"
"2015-2016";"87.12";"Artes";"Mujeres";"Evaluacion"
"2022-2023";"91.78";"Lenguas";"Mujeres";"Evaluacion"
"2021-2022";"88.78";"Lenguas";"Mujeres";"Evaluacion"
"2020-2021";"91.68";"Lenguas";"Mujeres";"Evaluacion"
"2019-2020";"92.46";"Lenguas";"Mujeres";"Evaluacion"
"2018-2019";"92.68";"Lenguas";"Mujeres";"Evaluacion"
"2017-2018";"91.87";"Lenguas";"Mujeres";"Evaluacion"
"2016-2017";"94.48";"Lenguas";"Mujeres";"Evaluacion"
"2015-2016";"94.47";"Lenguas";"Mujeres";"Evaluacion"
"2022-2023";"93.06";"Humanidades";"Mujeres";"Evaluacion"
"2021-2022";"86.16";"Humanidades";"Mujeres";"Evaluacion"
"2020-2021";"86.04";"Humanidades";"Mujeres";"Evaluacion"
"2019-2020";"92.13";"Humanidades";"Mujeres";"Evaluacion"
"2018-2019";"90.31";"Humanidades";"Mujeres";"Evaluacion"
"2017-2018";"86.37";"Humanidades";"Mujeres";"Evaluacion"
"2016-2017";"90.66";"Humanidades";"Mujeres";"Evaluacion"
"2015-2016";"81.83";"Humanidades";"Mujeres";"Evaluacion"
"2022-2023";"95.79";"Total Ciencias sociales, periodismo y documentación";"Mujeres";"Evaluacion"
"2021-2022";"95.51";"Total Ciencias sociales, periodismo y documentación";"Mujeres";"Evaluacion"
"2020-2021";"96.03";"Total Ciencias sociales, periodismo y documentación";"Mujeres";"Evaluacion"
"2019-2020";"92.46";"Total Ciencias sociales, periodismo y documentación";"Mujeres";"Evaluacion"
"2018-2019";"95.25";"Total Ciencias sociales, periodismo y documentación";"Mujeres";"Evaluacion"
"2017-2018";"89.45";"Total Ciencias sociales, periodismo y documentación";"Mujeres";"Evaluacion"
"2016-2017";"94.66";"Total Ciencias sociales, periodismo y documentación";"Mujeres";"Evaluacion"
"2015-2016";"85.91";"Total Ciencias sociales, periodismo y documentación";"Mujeres";"Evaluacion"
"2022-2023";"97.01";"Psicología";"Mujeres";"Evaluacion"
"2021-2022";"97.42";"Psicología";"Mujeres";"Evaluacion"
"2020-2021";"98.17";"Psicología";"Mujeres";"Evaluacion"
"2019-2020";"97.15";"Psicología";"Mujeres";"Evaluacion"
"2018-2019";"97.06";"Psicología";"Mujeres";"Evaluacion"
"2017-2018";"..";"Psicología";"Mujeres";"Evaluacion"
"2016-2017";"..";"Psicología";"Mujeres";"Evaluacion"
"2015-2016";"..";"Psicología";"Mujeres";"Evaluacion"
"2022-2023";"..";"Economía";"Mujeres";"Evaluacion"
"2021-2022";"..";"Economía";"Mujeres";"Evaluacion"
"2020-2021";"..";"Economía";"Mujeres";"Evaluacion"
"2019-2020";"..";"Economía";"Mujeres";"Evaluacion"
"2018-2019";"..";"Economía";"Mujeres";"Evaluacion"
"2017-2018";"..";"Economía";"Mujeres";"Evaluacion"
"2016-2017";"..";"Economía";"Mujeres";"Evaluacion"
"2015-2016";"..";"Economía";"Mujeres";"Evaluacion"
"2022-2023";"85.1";"Otras Ciencias sociales y del comportamiento";"Mujeres";"Evaluacion"
"2021-2022";"80.97";"Otras Ciencias sociales y del comportamiento";"Mujeres";"Evaluacion"
"2020-2021";"87.79";"Otras Ciencias sociales y del comportamiento";"Mujeres";"Evaluacion"
"2019-2020";"84.17";"Otras Ciencias sociales y del comportamiento";"Mujeres";"Evaluacion"
"2018-2019";"93.95";"Otras Ciencias sociales y del comportamiento";"Mujeres";"Evaluacion"
"2017-2018";"89.45";"Otras Ciencias sociales y del comportamiento";"Mujeres";"Evaluacion"
"2016-2017";"94.66";"Otras Ciencias sociales y del comportamiento";"Mujeres";"Evaluacion"
"2015-2016";"85.91";"Otras Ciencias sociales y del comportamiento";"Mujeres";"Evaluacion"
"2022-2023";"..";"Periodismo e información";"Mujeres";"Evaluacion"
"2021-2022";"..";"Periodismo e información";"Mujeres";"Evaluacion"
"2020-2021";"..";"Periodismo e información";"Mujeres";"Evaluacion"
"2019-2020";"..";"Periodismo e información";"Mujeres";"Evaluacion"
"2018-2019";"..";"Periodismo e información";"Mujeres";"Evaluacion"
"2017-2018";"..";"Periodismo e información";"Mujeres";"Evaluacion"
"2016-2017";"..";"Periodismo e información";"Mujeres";"Evaluacion"
"2015-2016";"..";"Periodismo e información";"Mujeres";"Evaluacion"
"2022-2023";"86.29";"Total Negocios, administración y derecho";"Mujeres";"Evaluacion"
"2021-2022";"81.97";"Total Negocios, administración y derecho";"Mujeres";"Evaluacion"
"2020-2021";"85.93";"Total Negocios, administración y derecho";"Mujeres";"Evaluacion"
"2019-2020";"86.37";"Total Negocios, administración y derecho";"Mujeres";"Evaluacion"
"2018-2019";"83.99";"Total Negocios, administración y derecho";"Mujeres";"Evaluacion"
"2017-2018";"84.96";"Total Negocios, administración y derecho";"Mujeres";"Evaluacion"
"2016-2017";"91.18";"Total Negocios, administración y derecho";"Mujeres";"Evaluacion"
"2015-2016";"87.45";"Total Negocios, administración y derecho";"Mujeres";"Evaluacion"
"2022-2023";"89.74";"Administración y gestión de empresas";"Mujeres";"Evaluacion"
"2021-2022";"86.84";"Administración y gestión de empresas";"Mujeres";"Evaluacion"
"2020-2021";"91.1";"Administración y gestión de empresas";"Mujeres";"Evaluacion"
"2019-2020";"89.35";"Administración y gestión de empresas";"Mujeres";"Evaluacion"
"2018-2019";"87.96";"Administración y gestión de empresas";"Mujeres";"Evaluacion"
"2017-2018";"89.08";"Administración y gestión de empresas";"Mujeres";"Evaluacion"
"2016-2017";"91.63";"Administración y gestión de empresas";"Mujeres";"Evaluacion"
"2015-2016";"89.84";"Administración y gestión de empresas";"Mujeres";"Evaluacion"
"2022-2023";"..";"Otra Educación comercial y empresarial";"Mujeres";"Evaluacion"
"2021-2022";"..";"Otra Educación comercial y empresarial";"Mujeres";"Evaluacion"
"2020-2021";"..";"Otra Educación comercial y empresarial";"Mujeres";"Evaluacion"
"2019-2020";"..";"Otra Educación comercial y empresarial";"Mujeres";"Evaluacion"
"2018-2019";"..";"Otra Educación comercial y empresarial";"Mujeres";"Evaluacion"
"2017-2018";"..";"Otra Educación comercial y empresarial";"Mujeres";"Evaluacion"
"2016-2017";"..";"Otra Educación comercial y empresarial";"Mujeres";"Evaluacion"
"2015-2016";"..";"Otra Educación comercial y empresarial";"Mujeres";"Evaluacion"
"2022-2023";"84.54";"Derecho";"Mujeres";"Evaluacion"
"2021-2022";"79.43";"Derecho";"Mujeres";"Evaluacion"
"2020-2021";"83.2";"Derecho";"Mujeres";"Evaluacion"
"2019-2020";"84.68";"Derecho";"Mujeres";"Evaluacion"
"2018-2019";"81.86";"Derecho";"Mujeres";"Evaluacion"
"2017-2018";"82.64";"Derecho";"Mujeres";"Evaluacion"
"2016-2017";"90.9";"Derecho";"Mujeres";"Evaluacion"
"2015-2016";"85.9";"Derecho";"Mujeres";"Evaluacion"
"2022-2023";"89.0";"Total Ciencias";"Mujeres";"Evaluacion"
"2021-2022";"85.71";"Total Ciencias";"Mujeres";"Evaluacion"
"2020-2021";"86.94";"Total Ciencias";"Mujeres";"Evaluacion"
"2019-2020";"90.19";"Total Ciencias";"Mujeres";"Evaluacion"
"2018-2019";"88.68";"Total Ciencias";"Mujeres";"Evaluacion"
"2017-2018";"88.15";"Total Ciencias";"Mujeres";"Evaluacion"
"2016-2017";"92.98";"Total Ciencias";"Mujeres";"Evaluacion"
"2015-2016";"88.95";"Total Ciencias";"Mujeres";"Evaluacion"
"2022-2023";"89.49";"Ciencias de la vida";"Mujeres";"Evaluacion"
"2021-2022";"86.55";"Ciencias de la vida";"Mujeres";"Evaluacion"
"2020-2021";"88.77";"Ciencias de la vida";"Mujeres";"Evaluacion"
"2019-2020";"92.69";"Ciencias de la vida";"Mujeres";"Evaluacion"
"2018-2019";"91.28";"Ciencias de la vida";"Mujeres";"Evaluacion"
"2017-2018";"89.87";"Ciencias de la vida";"Mujeres";"Evaluacion"
"2016-2017";"93.94";"Ciencias de la vida";"Mujeres";"Evaluacion"
"2015-2016";"91.05";"Ciencias de la vida";"Mujeres";"Evaluacion"
"2022-2023";"87.88";"Ciencias Físicas, químicas, geológicas";"Mujeres";"Evaluacion"
"2021-2022";"83.8";"Ciencias Físicas, químicas, geológicas";"Mujeres";"Evaluacion"
"2020-2021";"82.55";"Ciencias Físicas, químicas, geológicas";"Mujeres";"Evaluacion"
"2019-2020";"83.98";"Ciencias Físicas, químicas, geológicas";"Mujeres";"Evaluacion"
"2018-2019";"82.48";"Ciencias Físicas, químicas, geológicas";"Mujeres";"Evaluacion"
"2017-2018";"84.0";"Ciencias Físicas, químicas, geológicas";"Mujeres";"Evaluacion"
"2016-2017";"90.48";"Ciencias Físicas, químicas, geológicas";"Mujeres";"Evaluacion"
"2015-2016";"83.29";"Ciencias Físicas, químicas, geológicas";"Mujeres";"Evaluacion"
"2022-2023";"..";"Matemáticas y Estadística";"Mujeres";"Evaluacion"
"2021-2022";"..";"Matemáticas y Estadística";"Mujeres";"Evaluacion"
"2020-2021";"..";"Matemáticas y Estadística";"Mujeres";"Evaluacion"
"2019-2020";"..";"Matemáticas y Estadística";"Mujeres";"Evaluacion"
"2018-2019";"..";"Matemáticas y Estadística";"Mujeres";"Evaluacion"
"2017-2018";"..";"Matemáticas y Estadística";"Mujeres";"Evaluacion"
"2016-2017";"..";"Matemáticas y Estadística";"Mujeres";"Evaluacion"
"2015-2016";"..";"Matemáticas y Estadística";"Mujeres";"Evaluacion"
"2022-2023";"89.29";"Total Informática";"Mujeres";"Evaluacion"
"2021-2022";"83.1";"Total Informática";"Mujeres";"Evaluacion"
"2020-2021";"80.65";"Total Informática";"Mujeres";"Evaluacion"
"2019-2020";"86.72";"Total Informática";"Mujeres";"Evaluacion"
"2018-2019";"80.43";"Total Informática";"Mujeres";"Evaluacion"
"2017-2018";"84.3";"Total Informática";"Mujeres";"Evaluacion"
"2016-2017";"80.84";"Total Informática";"Mujeres";"Evaluacion"
"2015-2016";"72.88";"Total Informática";"Mujeres";"Evaluacion"
"2022-2023";"89.29";"Informática";"Mujeres";"Evaluacion"
"2021-2022";"83.1";"Informática";"Mujeres";"Evaluacion"
"2020-2021";"80.65";"Informática";"Mujeres";"Evaluacion"
"2019-2020";"86.72";"Informática";"Mujeres";"Evaluacion"
"2018-2019";"80.43";"Informática";"Mujeres";"Evaluacion"
"2017-2018";"84.3";"Informática";"Mujeres";"Evaluacion"
"2016-2017";"80.84";"Informática";"Mujeres";"Evaluacion"
"2015-2016";"72.88";"Informática";"Mujeres";"Evaluacion"
"2022-2023";"83.59";"Total Ingeniería, industria y construcción";"Mujeres";"Evaluacion"
"2021-2022";"82.44";"Total Ingeniería, industria y construcción";"Mujeres";"Evaluacion"
"2020-2021";"83.88";"Total Ingeniería, industria y construcción";"Mujeres";"Evaluacion"
"2019-2020";"87.77";"Total Ingeniería, industria y construcción";"Mujeres";"Evaluacion"
"2018-2019";"84.02";"Total Ingeniería, industria y construcción";"Mujeres";"Evaluacion"
"2017-2018";"86.75";"Total Ingeniería, industria y construcción";"Mujeres";"Evaluacion"
"2016-2017";"91.44";"Total Ingeniería, industria y construcción";"Mujeres";"Evaluacion"
"2015-2016";"86.05";"Total Ingeniería, industria y construcción";"Mujeres";"Evaluacion"
"2022-2023";"86.8";"Ingenierías";"Mujeres";"Evaluacion"
"2021-2022";"84.36";"Ingenierías";"Mujeres";"Evaluacion"
"2020-2021";"85.26";"Ingenierías";"Mujeres";"Evaluacion"
"2019-2020";"88.54";"Ingenierías";"Mujeres";"Evaluacion"
"2018-2019";"84.28";"Ingenierías";"Mujeres";"Evaluacion"
"2017-2018";"88.02";"Ingenierías";"Mujeres";"Evaluacion"
"2016-2017";"92.32";"Ingenierías";"Mujeres";"Evaluacion"
"2015-2016";"87.49";"Ingenierías";"Mujeres";"Evaluacion"
"2022-2023";"73.11";"Arquitectura y construcción";"Mujeres";"Evaluacion"
"2021-2022";"74.97";"Arquitectura y construcción";"Mujeres";"Evaluacion"
"2020-2021";"76.84";"Arquitectura y construcción";"Mujeres";"Evaluacion"
"2019-2020";"82.5";"Arquitectura y construcción";"Mujeres";"Evaluacion"
"2018-2019";"81.65";"Arquitectura y construcción";"Mujeres";"Evaluacion"
"2017-2018";"75.48";"Arquitectura y construcción";"Mujeres";"Evaluacion"
"2016-2017";"84.33";"Arquitectura y construcción";"Mujeres";"Evaluacion"
"2015-2016";"77.95";"Arquitectura y construcción";"Mujeres";"Evaluacion"
"2022-2023";"86.0";"Total Agricultura, ganadería,  silvicultura, pesca, y veterinaria";"Mujeres";"Evaluacion"
"2021-2022";"80.44";"Total Agricultura, ganadería,  silvicultura, pesca, y veterinaria";"Mujeres";"Evaluacion"
"2020-2021";"83.44";"Total Agricultura, ganadería,  silvicultura, pesca, y veterinaria";"Mujeres";"Evaluacion"
"2019-2020";"93.38";"Total Agricultura, ganadería,  silvicultura, pesca, y veterinaria";"Mujeres";"Evaluacion"
"2018-2019";"82.84";"Total Agricultura, ganadería,  silvicultura, pesca, y veterinaria";"Mujeres";"Evaluacion"
"2017-2018";"83.8";"Total Agricultura, ganadería,  silvicultura, pesca, y veterinaria";"Mujeres";"Evaluacion"
"2016-2017";"90.96";"Total Agricultura, ganadería,  silvicultura, pesca, y veterinaria";"Mujeres";"Evaluacion"
"2015-2016";"82.25";"Total Agricultura, ganadería,  silvicultura, pesca, y veterinaria";"Mujeres";"Evaluacion"
"2022-2023";"80.8";"Agricultura, ganadería y pesca";"Mujeres";"Evaluacion"
"2021-2022";"76.8";"Agricultura, ganadería y pesca";"Mujeres";"Evaluacion"
"2020-2021";"77.41";"Agricultura, ganadería y pesca";"Mujeres";"Evaluacion"
"2019-2020";"82.85";"Agricultura, ganadería y pesca";"Mujeres";"Evaluacion"
"2018-2019";"77.96";"Agricultura, ganadería y pesca";"Mujeres";"Evaluacion"
"2017-2018";"76.31";"Agricultura, ganadería y pesca";"Mujeres";"Evaluacion"
"2016-2017";"85.53";"Agricultura, ganadería y pesca";"Mujeres";"Evaluacion"
"2015-2016";"77.28";"Agricultura, ganadería y pesca";"Mujeres";"Evaluacion"
"2022-2023";"87.02";"Veterinaria";"Mujeres";"Evaluacion"
"2021-2022";"81.17";"Veterinaria";"Mujeres";"Evaluacion"
"2020-2021";"84.6";"Veterinaria";"Mujeres";"Evaluacion"
"2019-2020";"95.56";"Veterinaria";"Mujeres";"Evaluacion"
"2018-2019";"83.96";"Veterinaria";"Mujeres";"Evaluacion"
"2017-2018";"85.78";"Veterinaria";"Mujeres";"Evaluacion"
"2016-2017";"92.52";"Veterinaria";"Mujeres";"Evaluacion"
"2015-2016";"83.66";"Veterinaria";"Mujeres";"Evaluacion"
"2022-2023";"96.67";"Total Salud y servicios sociales";"Mujeres";"Evaluacion"
"2021-2022";"96.2";"Total Salud y servicios sociales";"Mujeres";"Evaluacion"
"2020-2021";"97.02";"Total Salud y servicios sociales";"Mujeres";"Evaluacion"
"2019-2020";"98.15";"Total Salud y servicios sociales";"Mujeres";"Evaluacion"
"2018-2019";"97.05";"Total Salud y servicios sociales";"Mujeres";"Evaluacion"
"2017-2018";"96.65";"Total Salud y servicios sociales";"Mujeres";"Evaluacion"
"2016-2017";"97.7";"Total Salud y servicios sociales";"Mujeres";"Evaluacion"
"2015-2016";"97.42";"Total Salud y servicios sociales";"Mujeres";"Evaluacion"
"2022-2023";"96.91";"Medicina";"Mujeres";"Evaluacion"
"2021-2022";"95.74";"Medicina";"Mujeres";"Evaluacion"
"2020-2021";"96.01";"Medicina";"Mujeres";"Evaluacion"
"2019-2020";"97.57";"Medicina";"Mujeres";"Evaluacion"
"2018-2019";"96.83";"Medicina";"Mujeres";"Evaluacion"
"2017-2018";"96.56";"Medicina";"Mujeres";"Evaluacion"
"2016-2017";"97.61";"Medicina";"Mujeres";"Evaluacion"
"2015-2016";"96.97";"Medicina";"Mujeres";"Evaluacion"
"2022-2023";"96.31";"Enfermería y atención a enfermos";"Mujeres";"Evaluacion"
"2021-2022";"96.34";"Enfermería y atención a enfermos";"Mujeres";"Evaluacion"
"2020-2021";"98.1";"Enfermería y atención a enfermos";"Mujeres";"Evaluacion"
"2019-2020";"98.91";"Enfermería y atención a enfermos";"Mujeres";"Evaluacion"
"2018-2019";"97.16";"Enfermería y atención a enfermos";"Mujeres";"Evaluacion"
"2017-2018";"96.64";"Enfermería y atención a enfermos";"Mujeres";"Evaluacion"
"2016-2017";"97.59";"Enfermería y atención a enfermos";"Mujeres";"Evaluacion"
"2015-2016";"97.85";"Enfermería y atención a enfermos";"Mujeres";"Evaluacion"
"2022-2023";"96.8";"Otras ciencias de la Salud";"Mujeres";"Evaluacion"
"2021-2022";"98.47";"Otras ciencias de la Salud";"Mujeres";"Evaluacion"
"2020-2021";"98.79";"Otras ciencias de la Salud";"Mujeres";"Evaluacion"
"2019-2020";"98.33";"Otras ciencias de la Salud";"Mujeres";"Evaluacion"
"2018-2019";"97.79";"Otras ciencias de la Salud";"Mujeres";"Evaluacion"
"2017-2018";"97.34";"Otras ciencias de la Salud";"Mujeres";"Evaluacion"
"2016-2017";"99.41";"Otras ciencias de la Salud";"Mujeres";"Evaluacion"
"2015-2016";"..";"Otras ciencias de la Salud";"Mujeres";"Evaluacion"
"2022-2023";"..";"Trabajo social y orientación";"Mujeres";"Evaluacion"
"2021-2022";"..";"Trabajo social y orientación";"Mujeres";"Evaluacion"
"2020-2021";"..";"Trabajo social y orientación";"Mujeres";"Evaluacion"
"2019-2020";"..";"Trabajo social y orientación";"Mujeres";"Evaluacion"
"2018-2019";"..";"Trabajo social y orientación";"Mujeres";"Evaluacion"
"2017-2018";"..";"Trabajo social y orientación";"Mujeres";"Evaluacion"
"2016-2017";"..";"Trabajo social y orientación";"Mujeres";"Evaluacion"
"2015-2016";"..";"Trabajo social y orientación";"Mujeres";"Evaluacion"
"2022-2023";"87.73";"Total Servicios";"Mujeres";"Evaluacion"
"2021-2022";"88.27";"Total Servicios";"Mujeres";"Evaluacion"
"2020-2021";"89.85";"Total Servicios";"Mujeres";"Evaluacion"
"2019-2020";"91.3";"Total Servicios";"Mujeres";"Evaluacion"
"2018-2019";"87.81";"Total Servicios";"Mujeres";"Evaluacion"
"2017-2018";"88.42";"Total Servicios";"Mujeres";"Evaluacion"
"2016-2017";"91.73";"Total Servicios";"Mujeres";"Evaluacion"
"2015-2016";"90.71";"Total Servicios";"Mujeres";"Evaluacion"
"2022-2023";"..";"Deportes";"Mujeres";"Evaluacion"
"2021-2022";"..";"Deportes";"Mujeres";"Evaluacion"
"2020-2021";"..";"Deportes";"Mujeres";"Evaluacion"
"2019-2020";"..";"Deportes";"Mujeres";"Evaluacion"
"2018-2019";"..";"Deportes";"Mujeres";"Evaluacion"
"2017-2018";"..";"Deportes";"Mujeres";"Evaluacion"
"2016-2017";"..";"Deportes";"Mujeres";"Evaluacion"
"2015-2016";"..";"Deportes";"Mujeres";"Evaluacion"
"2022-2023";"87.73";"Turismo y Hostelería";"Mujeres";"Evaluacion"
"2021-2022";"88.27";"Turismo y Hostelería";"Mujeres";"Evaluacion"
"2020-2021";"89.85";"Turismo y Hostelería";"Mujeres";"Evaluacion"
"2019-2020";"91.3";"Turismo y Hostelería";"Mujeres";"Evaluacion"
"2018-2019";"87.81";"Turismo y Hostelería";"Mujeres";"Evaluacion"
"2017-2018";"88.42";"Turismo y Hostelería";"Mujeres";"Evaluacion"
"2016-2017";"91.73";"Turismo y Hostelería";"Mujeres";"Evaluacion"
"2015-2016";"90.71";"Turismo y Hostelería";"Mujeres";"Evaluacion"
"2022-2023";"..";"Otros Servicios";"Mujeres";"Evaluacion"
"2021-2022";"..";"Otros Servicios";"Mujeres";"Evaluacion"
"2020-2021";"..";"Otros Servicios";"Mujeres";"Evaluacion"
"2019-2020";"..";"Otros Servicios";"Mujeres";"Evaluacion"
"2018-2019";"..";"Otros Servicios";"Mujeres";"Evaluacion"
"2017-2018";"..";"Otros Servicios";"Mujeres";"Evaluacion"
"2016-2017";"..";"Otros Servicios";"Mujeres";"Evaluacion"
"2015-2016";"..";"Otros Servicios";"Mujeres";"Evaluacion"
